objid,ra,dec,u,g,r,i,z
1237645879580098737,55.296197,1.271692059,20.19055,20.11118,20.00373,19.53674,19.36661
1237645942898230097,40.57934753,0.182010169,23.45758,22.32698,22.15744,21.56657,21.87843
1237645942898230126,40.58493097,0.131274697,23.345,22.46375,22.20341,22.19646,22.22472
1237645942905110842,56.23423672,0.222159911,21.17304,20.64075,19.95168,19.27204,18.99716
1237645942905634929,57.40576555,0.099944725,19.77834,19.44656,19.15773,18.91358,18.71619
1237645942905700553,57.64725302,0.030695217,19.73663,19.48033,19.04813,18.85011,18.79915
1237645942905831442,57.82499868,0.215608938,17.68028,17.3205,17.16499,17.08666,17.03985
1237645942905831607,57.86669858,0.070676792,20.30761,19.95674,19.73228,19.46771,19.39429
1237645942905831654,57.91702376,0.175591828,20.28233,20.04276,19.50676,19.43649,19.3802
1237645942905962575,58.17545939,0.218693316,19.34624,19.09172,18.66225,18.58851,18.65512
1237645942906028511,58.35516345,0.079548924,24.50399,21.89656,21.12607,20.7896,20.36045
1237645942906290310,58.87217412,0.13531426,20.2801,19.81987,19.28402,19.06928,18.48087
1237645943435034762,40.32648179,0.491397105,20.30489,20.02613,19.74698,19.79885,19.73606
1237645943435034915,40.29276807,0.553101041,23.48249,23.01491,22.80345,22.55349,21.82381
1237645943435035137,40.31036809,0.452889896,23.66777,23.60163,22.30137,22.24249,22.42271
1237645943973609503,44.24428244,0.913229825,19.38883,19.2833,18.96885,18.96005,19.03716
1237645943973609574,44.21829148,0.937379513,20.27152,20.21046,19.82113,19.67883,19.82376
1237645943973675184,44.4673976,0.886468321,20.32895,20.06154,19.79319,19.56744,19.18334
1237645943973675270,44.37640527,1.038384509,21.31694,20.67584,20.6267,20.53176,20.30923
1237645943976493295,50.79422354,0.904795198,20.94212,20.48714,19.95873,19.99516,19.89583
1237645943976493342,50.77751636,0.883237402,21.52237,21.05847,20.50931,19.93393,19.59518
1237645943976493356,50.78634111,0.994652926,20.93726,20.27721,20.01422,19.56212,19.38114
1237645943976820842,51.54032847,1.046267357,19.7476,19.23413,18.78611,18.65315,18.61118
1237645943977607393,53.43295318,1.045758952,25.10526,24.6763,23.32887,22.82823,22.63741
1237645943978328209,54.98832977,0.921200662,20.09477,19.9256,19.66302,19.55558,19.50878
1237645943978328358,55.0681787,0.996424197,20.85471,20.58056,20.12276,20.05264,20.4247
1237645943978459453,55.33150901,1.026751946,20.45276,20.21883,20.02234,19.93445,19.5923
1237645943978590227,55.57762158,0.99588678,21.32385,21.01363,20.54219,20.35094,20.28425
1237645943978590732,55.60705131,0.898803371,24.64965,21.20683,19.7995,19.24613,18.85657
1237645943978590809,55.64577143,1.0323853,22.80087,22.06453,21.5993,21.36042,21.90353
1237645943978590924,55.7026543,0.9844295,25.22741,22.74426,21.08157,20.23543,19.60675
1237645943978655930,55.71857387,0.948253525,20.81916,20.3254,20.16768,19.91787,19.73781
1237645943978655990,55.82337369,0.890878867,20.47377,20.2208,19.66592,19.5768,19.65077
1237645943978656141,55.71865986,0.881228338,22.9301,21.46299,20.73647,19.93801,19.77492
1237645943978656211,55.74836093,1.022142293,23.24875,21.4997,21.09663,20.68386,20.34801
1237645943978656537,55.78287104,0.936107143,24.15008,23.26587,21.50343,20.6031,19.94578
1237645943978721411,55.883554,0.948594261,19.86823,19.42923,19.15835,18.87331,18.80373
1237645943978721570,55.89425423,0.875533766,20.84638,20.38605,19.95135,19.60723,19.51794
1237645943978721683,55.89514789,1.020903484,23.75179,22.46917,22.09627,22.05059,22.35789
1237645943978787076,56.10697447,0.914655013,20.00219,19.52252,19.32198,19.38417,19.16561
1237645943978787224,56.05907928,1.012168352,22.50759,21.66543,21.34714,21.13577,20.72223
1237645943978787244,56.13999215,0.923440472,20.6445,20.26286,20.00636,19.72048,19.53309
1237645943978787708,56.08389611,0.91323077,24.45627,24.66793,22.55682,21.44095,20.81386
1237645943978852452,56.27900818,1.037215686,22.6913,21.93563,21.61579,21.51929,21.61112
1237645943978852727,56.17404337,0.867394473,21.71496,21.3771,21.01129,21.15306,20.97447
1237645943978852761,56.30490977,0.934554207,22.11091,21.51827,21.37785,21.33427,20.66309
1237645943978852925,56.19866274,0.965032747,22.80162,22.16287,21.7406,21.80988,21.41224
1237645943978852946,56.20572391,1.007657272,24.01083,22.73757,21.20767,20.35986,19.88445
1237645943978918048,56.31291796,1.03510424,20.15598,19.77644,19.75893,19.41393,19.29024
1237645943978918538,56.36415868,1.0221561,24.32695,22.57933,22.58686,22.28528,23.12848
1237645943978918616,56.394354,0.872156004,25.68099,22.67185,21.25377,20.26173,19.56212
1237645943978983610,56.53607966,0.889746236,20.67511,20.35798,20.22659,19.95677,19.8855
1237645943978983786,56.59414978,0.913676273,22.04113,21.21753,20.88264,20.68307,20.33618
1237645943978984013,56.50658206,0.90160941,23.93452,22.01653,21.65237,21.61851,21.41245
1237645943979180255,56.9392359,0.960351877,21.16973,20.25354,19.22859,18.57582,18.39028
1237645943979376993,57.46921448,0.860332526,21.47505,20.76499,19.94625,19.47257,19.10611
1237645943979442346,57.60233245,0.981261046,19.70492,17.89574,16.72737,16.11823,15.76843
1237645943979508032,57.6929608,0.95394425,20.7757,19.6651,18.51388,18.12806,17.71058
1237645943979573273,57.82078981,0.962188547,23.32992,20.83344,19.81246,19.40352,19.23275
1237645943979573467,57.90962306,0.955639936,20.30816,19.79171,19.71815,19.50563,19.38714
1237645943979901195,58.58285683,0.93240462,22.91375,20.95126,19.59112,18.94599,18.45736
1237646379378737376,57.01077582,-1.262922296,20.25779,20.58012,20.91458,21.14081,21.50586
1237646379932125744,94.76049412,-0.797703372,25.43966,22.59015,22.67248,22.2666,21.96324
1237646380468929485,94.64087785,-0.276213364,24.95616,24.76434,23.53509,21.7692,21.47046
1237646381005606017,94.18142306,0.131901246,24.63783,24.59401,23.35929,21.86907,21.01175
1237646381006195058,95.52786304,0.115853885,23.93826,24.67252,23.17645,21.6525,21.35325
1237646381542608392,94.37429398,0.462508423,24.89466,24.83797,24.06976,21.92195,20.5567
1237646381543130571,95.64433426,0.489594894,25.19553,24.53097,22.95268,22.08474,21.09031
1237646382079870358,95.34108377,1.000857964,24.5737,25.15093,22.38853,21.94588,20.98282
1237646549577367669,53.94350819,1.272895907,19.83701,19.57065,19.32201,19.08949,18.84074
1237646585564955060,86.08879547,-0.837536649,24.47582,22.48257,20.36931,19.24307,18.44905
1237646585565086028,86.49230619,-0.927599348,23.94034,21.12035,19.28408,18.2521,17.54229
1237646585565282412,86.82675604,-0.967521748,23.55295,21.50291,19.29906,18.03295,17.11344
1237646585565282416,86.83428408,-0.997370235,23.53047,21.45552,19.08012,17.80779,16.89156
1237646585565413749,87.20694025,-0.967702489,25.52026,22.74767,20.62696,19.34838,18.40423
1237646585565413758,87.21906403,-0.859209021,24.35643,22.03609,20.11522,19.09482,18.36535
1237646586096189731,73.21975245,-0.574328013,20.17459,19.84121,19.66702,19.33035,19.37463
1237646586096189774,73.24811276,-0.43062839,20.6719,20.2396,20.07516,19.9095,19.52333
1237646586100122512,82.28528127,-0.455355053,20.69866,20.32162,20.19213,20.16844,20.08324
1237646586100384379,82.90052564,-0.600705593,21.88691,20.24668,19.38403,18.95104,18.67547
1237646586102219472,87.00869402,-0.531642572,23.0282,21.28886,20.08232,19.44736,19.07837
1237646586102219535,87.04406462,-0.470844958,25.77124,21.98784,20.14832,19.26838,18.67277
1237646586102285121,87.20647354,-0.479943628,24.11649,21.91884,20.65215,20.0103,19.48322
1237646586102415744,87.49329267,-0.435713186,20.68688,19.83254,18.88326,17.62944,17.57252
1237646586102481258,87.60626686,-0.566135888,24.70906,21.80243,20.6632,19.95872,19.4176
1237646586102481919,87.6087075,-0.60819279,22.56518,21.09605,19.99778,19.00233,18.60874
1237646586102546661,87.71406069,-0.484438734,23.23221,21.54919,20.49934,19.87723,19.3907
1237646586632143422,71.23719529,-0.135965026,21.03116,20.49522,20.51939,20.45078,20.49256
1237646586632274442,71.50103216,-0.089129756,20.31765,20.49545,19.8554,19.80854,19.90824
1237646586632339986,71.57526489,-0.00972523,20.85655,20.59525,20.40141,20.45328,20.43386
1237646586632405363,71.7915114,-0.118231616,20.11681,19.97862,19.86728,19.6672,19.78215
1237646586632405603,71.83197838,-0.149860029,21.27197,20.55522,20.38997,20.40077,20.1296
1237646586632470964,71.93381133,-0.056967022,20.34218,19.98753,19.73888,19.48492,19.50559
1237646586632601984,72.20764704,-0.07775292,20.80689,20.20402,20.00351,19.92247,19.57802
1237646586632864080,72.74386193,-0.184064335,21.21881,20.23601,19.81805,19.68367,19.66282
1237646586632929716,72.94803949,-0.159505907,20.5534,20.04108,20.1818,19.94551,19.65826
1237646586633060452,73.25784968,-0.075094118,20.39,19.98854,20.04516,19.7252,19.71261
1237646586633060955,73.28421601,-0.079930568,21.06079,20.21609,19.88604,19.77695,19.74772
1237646586633060958,73.28956307,-0.050056308,21.44361,20.20361,19.83891,19.6737,19.7109
1237646586636796378,81.80877335,-0.100541714,22.34668,20.668,19.9522,19.64548,19.79114
1237646586638566303,85.86387476,-0.037363743,22.4736,21.25632,20.29235,19.83067,19.5067
1237646586638631884,85.9508634,-0.071791326,24.31835,21.58855,20.705,20.25576,19.96108
1237646586638697424,86.077145,-0.156556885,22.33053,20.98754,19.26667,18.48761,17.94985
1237646586638762925,86.30275908,-0.197644774,23.5217,21.86689,20.35069,19.41443,18.92879
1237646586638828073,86.42725264,-0.109604827,24.5068,21.8435,19.88107,18.8397,18.11842
1237646586639024639,86.90246034,-0.004947116,23.07534,21.5663,19.84901,18.93034,18.24257
1237646586639024712,86.83418473,-0.168079353,23.98108,21.70079,20.11567,19.31016,18.80308
1237646586639090190,86.98268643,-0.045824616,24.8898,21.50381,19.61687,18.58067,17.76078
1237646586639090347,87.01077927,-0.071147253,23.60254,21.67126,20.55483,19.87349,19.31388
1237646586639418257,87.71218693,-0.152172511,23.66221,21.50113,20.45778,19.83396,19.37432
1237646586639483777,87.86378823,-0.017880867,22.47483,21.10536,19.9534,19.49897,19.09023
1237646586640795050,90.85201653,-0.187467568,25.56051,23.36912,21.66417,20.9514,21.41328
1237646587168882986,70.89798818,0.266073198,19.92514,19.3435,18.99959,18.93239,18.80065
1237646587168948725,71.08360753,0.230187986,20.99855,20.17748,19.94708,19.80672,19.39611
1237646587169079786,71.31728537,0.308881967,21.13996,20.64799,20.52633,20.03923,19.79465
1237646587169211028,71.61921328,0.252609429,21.18242,20.15932,19.93078,19.84019,19.87346
1237646587169276575,71.79882054,0.403852065,21.10451,20.52438,20.48339,20.42887,19.95521
1237646587169342114,71.98390965,0.369425141,21.41844,20.37117,20.20218,20.05543,19.88112
1237646587169538535,72.39715968,0.302211516,20.06398,19.55099,20.0591,19.31807,18.99066
1237646587169538698,72.39761436,0.332700149,20.46177,20.25265,20.06602,19.80957,19.87817
1237646587169669645,72.71011135,0.300231337,20.41976,19.70616,19.48317,19.42817,19.19226
1237646587169735317,72.74943,0.391355472,20.50134,20.15316,20.18838,20.26103,20.35826
1237646587169931802,73.30159506,0.390147772,20.57879,20.40981,20.14281,19.92705,19.83943
1237646587173470818,81.4194126,0.379345497,21.38765,20.67047,19.95555,19.51244,19.26097
1237646587175568433,86.17148724,0.241846365,23.81506,21.08538,19.22989,18.22577,17.63576
1237646587175699107,86.42532602,0.365390289,25.04067,22.28842,20.44383,19.40829,18.65874
1237646587175699432,86.47664145,0.309936211,21.81182,21.29759,19.79816,18.64839,17.68368
1237646587175764204,86.56391782,0.228460031,24.02691,22.1939,20.2966,19.26098,18.45737
1237646587175961133,87.02700388,0.246051272,22.13326,21.55068,19.67994,18.63633,17.70543
1237646587175961245,87.09198744,0.366035417,18.49817,20.04396,17.26568,18.78337,18.64643
1237646587176026398,87.14495695,0.264512454,22.93962,20.87801,19.15595,18.01219,17.13599
1237646587176158599,87.46731235,0.2259004,19.77466,20.17579,18.42547,17.47574,16.34311
1237646587176288669,87.71913439,0.234126982,20.53128,18.87923,17.97139,17.52661,17.19457
1237646587176354450,88.00698139,0.346208935,21.82348,19.84625,18.80805,18.27392,17.89174
1237646587177600814,90.77138525,0.253930573,24.36531,22.31064,20.38879,19.36682,18.76627
1237646587177732226,91.08642564,0.247716669,24.6255,22.45014,20.52967,19.25429,18.50007
1237646587694743568,45.65744881,0.843262705,24.63435,21.21582,19.98613,19.58629,19.49017
1237646587709883073,80.35658979,0.745757926,20.35383,20.1086,19.80237,19.8364,19.96902
1237646587710341717,81.29995251,0.732651429,19.31822,18.97407,18.2752,17.80656,17.56645
1237646587710473018,81.70570042,0.72622338,20.07291,19.9482,19.6396,19.6826,18.91267
1237646587710537808,81.73211999,0.755927607,20.18746,19.86092,19.29824,19.09008,18.39352
1237646587710539083,81.72108947,0.830818857,24.30445,21.31203,20.195,19.75888,19.62313
1237646587712242742,85.71881239,0.667694973,22.39539,21.23489,20.39135,20.04263,19.81089
1237646587712439977,86.16890536,0.641721008,22.84774,20.84002,19.999,19.65176,19.3885
1237646587712570140,86.44221567,0.730063257,22.12515,20.93788,19.91564,19.63877,19.4474
1237646587712635336,86.56999826,0.840121881,24.10283,21.32498,18.98373,17.67477,16.74275
1237646587712766071,86.9123557,0.643412934,21.79459,20.6152,18.64239,18.26992,17.55793
1237646587712962691,87.37763613,0.665285024,24.72804,22.57736,20.2378,19.66211,19.22604
1237646587712963624,87.35616494,0.750248232,23.2438,21.47294,20.3223,19.65754,19.22817
1237646587713094912,87.6843447,0.841045376,23.07538,21.77544,20.71626,20.17923,19.68075
1237646587713750483,89.17869366,0.77838105,25.72779,22.50624,20.50311,19.42533,18.68997
1237646588246753571,80.33558352,1.214414245,18.77052,18.10872,17.58327,17.1724,16.93768
1237646588246950058,80.73015756,1.229789303,19.85432,19.43548,19.14084,24.3618,22.8269
1237646588246950062,80.79654274,1.20981436,24.6346,25.11435,24.802,24.36178,17.72787
1237646588246950539,80.72502431,1.147143825,19.27095,18.90778,18.97851,18.89499,18.82134
1237646588247147247,81.25147993,1.106477416,20.47281,19.97203,19.26418,18.87347,18.46611
1237646588247147385,81.24528147,1.081024198,20.85405,20.35801,20.26917,19.89285,19.98352
1237646588247213428,81.37219962,1.085919428,24.31174,21.39865,19.58843,18.92825,18.50653
1237646588247344072,81.60278452,1.199655766,19.69965,19.25389,18.13365,17.63088,17.29191
1237646588247409795,81.805621,1.209942756,20.81934,20.63591,20.25708,20.13875,19.74023
1237646588247474614,82.01332396,1.079601128,19.8073,19.57944,19.21992,19.19621,19.078
1237646588248458474,84.19259454,1.060022875,22.69849,21.34652,20.53185,20.24172,19.76238
1237646588249441819,86.48990402,1.069576412,23.53164,21.70409,20.0752,19.76033,19.19681
1237646588249899725,87.52380666,1.072918733,23.71449,21.66346,19.81084,18.75074,18.00117
1237646588251079959,90.14786784,1.194085438,25.26588,22.33308,20.32067,19.28711,18.64994
1237646645686501848,71.12040947,-1.170748628,20.35805,20.1726,20.01291,19.69667,19.66885
1237646645686567136,71.2421804,-1.152092595,20.03137,19.82112,19.65364,19.57644,19.47509
1237646645686632889,71.41574386,-1.150450412,20.34239,20.41758,20.43213,20.19558,19.91321
1237646645686763765,71.72521155,-1.152897294,20.61133,19.94021,19.88198,19.50794,19.57865
1237646645686894959,72.06600063,-1.187935384,20.01025,19.9165,19.64872,19.6376,19.55714
1237646645686960455,72.22797564,-1.234497449,20.43435,20.13019,19.90055,19.99538,19.76704
1237646645687025915,72.34687011,-1.181399651,20.22671,19.7384,19.44302,19.02091,18.86743
1237646645693514027,87.10657339,-1.213295594,23.80505,22.49426,20.60244,19.42937,18.69406
1237646646223307043,70.97323196,-0.648769045,20.0259,19.82893,19.55614,19.52701,19.56834
1237646646223372655,71.2079626,-0.756331803,20.42651,20.1674,19.9374,19.9989,19.91223
1237646646223372810,71.18318131,-0.809575349,20.80101,20.46953,20.40307,20.07188,20.08976
1237646646223438318,71.23652168,-0.812897639,20.35955,20.18254,20.09954,19.65375,19.35258
1237646646223700204,71.87978858,-0.760751042,20.55045,19.75904,19.5289,19.53993,19.27564
1237646646223766042,72.05257759,-0.750091559,20.53882,20.25359,20.26364,20.46947,20.49535
1237646646223962364,72.43406438,-0.756418159,19.61378,19.55345,19.31752,19.24318,19.33051
1237646646224289986,73.18643621,-0.806194876,20.50163,19.56789,19.29563,19.12883,18.95306
1237646646224290029,73.22260564,-0.725170703,19.80457,19.81147,19.51548,19.45056,19.48757
1237646646759981418,70.5862607,-0.267178627,20.45905,19.90169,19.67874,19.68843,19.53104
1237646646760374563,71.39530357,-0.322665897,20.37317,20.19895,19.97485,19.96881,20.14973
1237646646760440357,71.65859465,-0.281837805,20.78189,20.43594,20.29313,20.34275,20.22275
1237646646760571233,71.94550991,-0.279140249,19.88745,19.82624,19.87702,19.68243,19.35859
1237646646760637331,72.06406389,-0.362149195,24.18229,20.34846,19.96385,19.85185,19.80919
1237646646760767879,72.35438194,-0.337492062,19.9267,19.889,20.09292,20.17632,20.51026
1237646646760833395,72.5135887,-0.397556177,20.30137,19.95124,19.7737,19.46212,19.43086
1237646646760898938,72.68695375,-0.31213315,20.25022,19.533,19.40539,19.34294,19.03741
1237646646761160926,73.18555458,-0.252237835,20.46106,19.79364,19.66733,19.60311,19.46501
1237646647296852571,70.56858643,0.151512769,21.62618,20.46881,20.28312,20.20345,20.1109
1237646647296983541,70.79207605,0.159274034,20.22397,20.22379,19.98954,19.88862,19.90019
1237646647297179952,71.28339272,0.181052493,20.7107,20.10047,19.98748,19.89746,19.85625
1237646647297311053,71.57258568,0.050564089,20.52173,20.08797,19.8565,19.74592,19.55219
1237646647297507625,72.04265134,0.140400954,20.19001,19.91645,19.73376,19.37906,19.24591
1237646647297638946,72.32533515,0.153618589,20.49861,20.39675,20.23095,20.32551,20.07286
1237646647297638960,72.3600724,0.204907626,20.46758,20.18349,20.11235,19.97569,19.54222
1237646647297769992,72.59366018,0.080838795,21.21951,20.34284,20.35699,20.26135,20.08568
1237646647297835519,72.84754359,0.046347461,20.7552,19.96198,19.79996,19.74396,19.64696
1237646647297966422,73.04501236,0.146316434,20.06502,19.96866,19.92493,19.85066,19.84587
1237646647297966455,73.08752058,0.145132035,20.20654,20.01353,19.851,19.74612,19.58328
1237646647297966563,73.15760433,0.026826505,21.00673,20.29345,20.18526,20.18488,20.00041
1237646647302619644,83.66626703,0.125603173,20.6823,20.25376,20.2654,20.3899,20.25154
1237646647833985378,71.17379489,0.491135048,20.53983,19.89582,19.92783,19.87267,19.59102
1237646647834247644,71.7793198,0.486592134,20.62099,20.07384,19.79428,19.5144,19.57271
1237646647834509862,72.30181294,0.598938892,20.63296,20.40141,20.09385,20.09989,20.18859
1237646647834640877,72.71107659,0.597619837,20.2732,19.65143,19.62075,19.39332,19.38599
1237646647834771973,72.91257105,0.444339484,20.46752,20.34002,20.15123,20.19175,19.886
1237646648370725226,70.8601256,0.877337917,20.48617,20.12948,20.04053,19.82092,19.79453
1237646648371118330,71.76239956,0.908963974,19.98348,19.66418,19.4196,19.14635,18.87043
1237646648371380501,72.30454016,0.97253543,20.08957,19.66203,19.53219,19.65675,19.63704
1237646648371380554,72.33903572,0.968301234,21.39343,20.27684,19.86908,19.69077,19.44116
1237646648371511645,72.60049575,1.024048332,20.33644,20.00904,19.69536,19.48167,19.084
1237646705817616616,99.71077754,-1.015281961,18.37116,15.96463,14.75881,14.17403,13.77493
1237646706891424817,99.8426451,-0.196525603,24.73959,23.51032,21.80702,20.87293,20.24752
1237646748744024100,71.21317184,-1.064392856,20.64211,20.19743,19.96898,19.59712,19.4423
1237646748744090122,71.4440142,-1.058628373,20.13515,20.16552,20.11875,19.79355,19.93937
1237646748744614397,72.65431697,-1.130225658,20.54346,20.34628,20.36097,20.15252,19.9028
1237646749824058397,85.68386949,-0.122870544,21.48311,20.98101,20.82583,20.1298,20.1241
1237646749824058571,85.60768208,-0.207588251,22.48438,21.51892,20.84882,20.38941,20.19735
1237646750361649741,87.25233821,0.215856406,24.52604,21.57327,20.35865,19.76128,19.23137
1237646791699271633,100.3745152,-0.738091429,24.18331,21.70477,20.37048,19.62104,19.17475
1237646791699729443,101.3624572,-0.849582248,23.51613,23.29276,22.34539,20.87458,20.00155
1237646791699795243,101.5626504,-0.855922857,23.97918,21.7773,20.41408,19.74097,19.16325
1237646792236340137,100.8180904,-0.300312926,24.00364,23.60663,21.98812,21.35102,20.90318
1237646792236404803,100.9741442,-0.312726674,24.51522,24.4732,22.65848,22.46057,21.22226
1237646792236470944,101.1464281,-0.328432899,24.20206,23.99854,22.78052,21.10491,20.43587
1237646792772883200,100.041769,0.034511479,25.32849,25.37418,23.30854,21.7143,20.6042
1237646792773600822,101.7791994,0.059115241,25.31909,23.76224,21.98586,20.90389,20.44736
1237646793310601676,101.9659794,0.473721324,23.97968,22.23482,21.09725,20.17123,19.85413
1237646793846821306,100.5522579,0.966242479,25.42839,25.09472,24.74264,21.8943,21.71343
1237646794374644204,79.8216655,1.419716572,20.11084,19.87797,19.61272,19.29887,19.12656
1237646794374710049,79.95277674,1.427769809,22.01306,19.93033,18.38652,17.79176,17.42549
1237646794374775408,80.1599072,1.327987049,20.10543,20.02353,19.63803,19.60681,19.57396
1237646794374840746,80.25678122,1.405786794,20.28881,20.10826,19.9202,19.55948,19.31276
1237646794374906671,80.50055877,1.336501177,22.42884,20.39194,19.13476,18.57288,18.10431
1237646794375234203,81.2383816,1.374952491,19.62923,19.30094,19.23353,18.98249,18.93544
1237646794375234291,81.27630753,1.397629179,19.94139,19.58704,19.3258,19.3661,19.21558
1237646794375299620,81.29798802,1.328449359,20.17056,19.62248,19.59055,19.37897,19.47573
1237646794375365787,81.45143918,1.422206101,23.29203,21.02421,20.38945,20.08772,19.95801
1237646794375430893,81.65141301,1.391964452,20.80596,20.18994,19.95022,19.88913,19.78929
1237646794377528233,86.48937399,1.389278487,20.15355,19.26123,18.31971,17.71413,17.3328
1237646794380739324,93.83046109,1.42523638,24.46015,25.34843,25.45283,23.44304,20.71287
1237646794380741742,93.7770736,1.31445558,25.01602,25.23567,23.19552,21.95095,22.47086
1237646796526520097,120.2942079,-0.381635853,22.42743,21.6854,21.51583,21.6562,20.78537
1237646796527042670,121.4036017,-0.29765577,25.77608,21.4927,19.91597,19.12634,18.61108
1237646797063390609,120.2096585,0.090402173,22.58326,21.67546,21.62986,21.64804,20.97955
1237646797063520669,120.5891406,0.123992603,19.72309,19.10478,19.16483,19.10807,18.85528
1237646797063652442,120.8053447,0.154167376,21.72872,21.11086,21.23012,21.00773,20.62982
1237646797063717751,121.0135725,0.167478793,20.19012,19.60582,19.51657,19.34263,19.16291
1237646797064045695,121.7160535,0.043022098,21.95001,21.4052,21.42257,21.13737,21.63077
1237646797599999139,119.6797697,0.442112112,21.06391,20.42407,20.36917,20.37266,20.15151
1237646797600063598,119.7424273,0.453534423,21.32687,20.69272,20.65808,20.51272,20.1043
1237646797600130537,119.9668632,0.538978467,22.60478,21.70856,21.69832,21.59405,21.85413
1237646797600130558,119.9771514,0.440370329,22.5714,21.74461,21.75763,21.52683,21.37616
1237646797600588792,121.0626207,0.482296528,20.8094,19.98468,20.00809,19.95584,19.41011
1237646797600588969,120.9955607,0.488140278,22.46528,21.69511,21.48504,21.63212,21.13934
1237646797600718918,121.2240631,0.529603094,24.13953,21.39889,21.11297,21.07856,20.88959
1237646797600719747,121.3342253,0.501734928,20.74522,20.24419,20.23184,20.25829,19.9919
1237646797600720465,121.3277333,0.57374467,22.86215,21.9326,21.88889,21.83626,21.73316
1237646797600784418,121.378259,0.453106691,21.73672,21.08044,21.00436,20.75266,20.92956
1237646797600785540,121.4558344,0.493376522,21.98744,21.16896,21.0754,21.20094,21.29164
1237646798136935945,119.7908242,0.904545068,24.36052,21.00296,20.61796,20.39351,20.84826
1237646798137001083,119.9046361,0.95134743,22.05634,21.4706,21.44177,21.58541,21.37818
1237646798137328243,120.6291554,0.892041096,23.14746,21.52843,21.54255,21.3432,20.49175
1237646798137590272,121.3666999,0.888648846,23.9734,21.73835,21.48496,21.11744,21.21087
1237646798137656189,121.4453985,1.00625082,21.33461,20.60029,20.4187,20.29558,19.67609
1237646798137787277,121.795226,0.956769679,20.49007,19.0579,18.78306,18.64614,18.68652
1237646798137852889,121.8258398,0.863745627,21.71386,21.12986,20.98407,20.97135,20.6322
1237646798137983697,122.2275186,0.919658436,20.50015,19.94686,19.96168,19.75632,19.68505
1237646798138180456,122.5889662,0.965754555,21.64706,20.44686,20.23659,20.06614,19.85406
1237646798138180977,122.7111008,0.900452419,24.24541,22.07784,21.69557,20.95477,20.97346
1237646798138508210,123.4325922,0.904114162,21.01398,20.69743,20.7359,20.33495,20.11661
1237646798138573844,123.5363745,0.982097226,20.90081,20.40429,20.26063,20.23198,19.92652
1237646798673675626,119.4731253,1.332573979,23.59734,20.99922,20.73905,20.78574,20.84575
1237646798673937371,120.1163684,1.363435691,21.87163,19.27628,18.85872,18.8154,18.71938
1237646798674264598,120.8322151,1.331855471,20.69559,20.06697,20.07946,20.06146,19.86136
1237648596653900291,245.593953,-0.41884946,20.69584,19.49721,18.68717,18.09349,17.79204
1237648597189985019,243.7809356,0.005639781,23.03507,20.60028,18.7249,18.06705,17.56655
1237648597726658810,243.3470265,0.424137068,19.25283,18.83759,18.86754,18.69795,18.79276
1237648672891011140,174.1453566,-0.9585582,19.86869,19.24654,19.20105,19.17731,19.19877
1237648672921485934,243.8473685,-0.898343243,19.40608,18.88019,18.55951,18.58313,18.39153
1237648672922009716,244.9490533,-0.8942349,19.15536,18.90867,18.60996,18.37849,18.41926
1237648673456259238,238.9877701,-0.602334744,18.14521,17.74633,17.57779,17.57384,17.45613
1237648673456259550,239.0054989,-0.616466899,19.64641,19.15814,19.03428,19.0526,18.86271
1237648673456521499,239.54234,-0.522224191,19.26256,17.74838,17.5247,17.37344,17.14715
1237648673458421817,243.8843939,-0.458423126,17.00982,16.81248,16.46985,16.01395,15.98078
1237648673458946200,245.1284933,-0.499415428,19.18229,18.79663,18.81184,18.61241,18.51182
1237648673459142758,245.523631,-0.455689139,19.61192,19.15068,19.16203,18.9175,18.86809
1237648673459798485,247.0211391,-0.448676622,19.23174,19.07776,18.77985,18.80765,18.9884
1237648673971437819,189.4220864,-0.161938598,21.56965,21.07231,20.99227,21.03638,20.52502
1237648673971438150,189.4632858,-0.1605944,24.05171,22.00811,21.78645,21.48888,21.42718
1237648673987232176,225.5797442,-0.075914919,20.97398,20.32336,20.28135,20.35454,20.03356
1237648673992605833,237.8491551,-0.155026531,19.6388,19.36689,19.16351,18.90692,18.93747
1237648673992671546,237.9084751,-0.074423512,20.17747,19.66531,19.21092,19.03162,18.53648
1237648673992869233,238.3526125,-0.150726584,25.10751,24.44456,23.36933,20.65763,19.20393
1237648673993130283,238.9410765,-0.192471859,20.07754,19.72081,19.29312,19.11477,19.02352
1237648673995424170,244.1814839,-0.040762325,19.35005,18.8672,18.60045,18.56595,18.3264
1237648673997390397,248.6763529,-0.033692423,19.64506,19.20007,18.92006,18.58824,18.4555
1237648674510798991,195.1455899,0.232279613,20.35107,19.62863,19.48639,19.35613,19.29428
1237648674510799001,195.1614757,0.278092908,20.68142,20.08818,19.96569,19.95835,19.93475
1237648674510864617,195.3633258,0.313642627,19.73746,19.50241,19.48107,19.37278,19.14795
1237648674510930501,195.4266642,0.21851891,22.46309,20.88845,20.4253,20.50803,20.21295
1237648674510995690,195.5694586,0.300825006,20.3864,19.78457,19.6562,19.70173,19.54128
1237648674510995921,195.6648469,0.404636194,20.43727,20.06686,19.86952,19.68307,19.23771
1237648674511061237,195.7146127,0.33282316,19.48676,19.06972,18.38572,18.19126,17.65479
1237648674511126760,195.9539188,0.336255789,23.4568,20.92018,18.93978,18.71086,18.22868
1237648674511127080,195.901177,0.271074391,23.90797,21.41673,21.07825,21.20128,21.46543
1237648674511127138,195.9195882,0.273988124,22.64024,21.68257,21.47408,21.45808,21.25152
1237648674511192439,195.972478,0.290196578,24.97764,22.04241,21.9493,21.72104,21.09221
1237648674511257986,196.1393863,0.382076208,21.2381,20.58434,20.41864,20.46175,20.2415
1237648674511258009,196.2128902,0.317439036,21.69007,21.14919,20.95909,20.52025,20.07847
1237648674511323152,196.2779619,0.319045603,19.08202,19.07142,19.08597,18.89688,18.83379
1237648674511323338,196.3251052,0.230147891,19.69448,19.36073,19.16026,18.91192,18.9207
1237648674511389021,196.4679544,0.3245439,21.14707,20.85866,20.75674,20.42972,20.46561
1237648674511454377,196.6377068,0.380135503,20.34139,18.53073,17.59886,17.09143,16.75413
1237648674511455030,196.7120357,0.26700825,23.21743,21.53542,21.16374,20.98811,20.68454
1237648674511520055,196.8516666,0.375763848,21.02127,20.79844,20.69083,20.57244,20.66034
1237648674511520141,196.7418635,0.24505248,22.5395,21.69296,21.71862,21.85616,21.36015
1237648674511585307,196.9801176,0.290259807,19.06887,18.9174,18.96373,18.83997,18.86177
1237648674511650888,197.1076146,0.396626994,19.04032,18.71398,18.78277,18.68352,18.71026
1237648674511782513,197.4188664,0.350179255,22.17432,21.92204,21.82572,21.50509,21.08643
1237648674511847558,197.5594583,0.329879013,19.81987,19.36544,18.80387,18.39485,18.34682
1237648674511847634,197.4895884,0.218921937,20.90208,20.4775,20.49576,20.38141,20.22877
1237648674512109886,198.1168425,0.350023757,22.25827,21.53287,21.26897,21.07811,21.21066
1237648674512110062,198.088665,0.250456287,22.35075,21.32526,21.16908,21.2859,21.00521
1237648674529608337,238.1208205,0.291076134,22.00517,21.25529,20.04286,19.74492,19.08552
1237648674530066807,239.163319,0.334642536,19.48768,19.20668,19.00207,18.64036,18.49632
1237648674530066977,239.078147,0.237031009,20.70193,20.53902,20.02354,19.97735,19.92918
1237648674531901712,243.2601815,0.392745509,19.63441,19.1749,19.16361,18.84316,18.64435
1237648674532688079,245.0903368,0.347051119,18.61136,18.39325,17.9787,17.67523,17.41221
1237648674532754481,245.2030927,0.334933212,25.06947,21.99027,19.83576,19.35388,18.97747
1237648674533868064,247.7545338,0.34044729,19.42865,19.33024,19.04874,18.94936,18.95505
1237648674534457402,249.0999074,0.384085166,18.51769,18.31517,17.89158,17.80647,17.86166
1237648675034759301,165.6796445,0.789062617,19.4421,19.29109,19.23855,19.05512,19.02051
1237648675034759451,165.7354969,0.647757428,22.1924,21.48677,21.27574,21.09672,20.92733
1237648675066741125,238.6611669,0.812849728,19.53515,19.10653,18.98933,18.87432,18.72105
1237648675067265065,239.8356082,0.765641516,19.28906,18.98639,18.80339,18.5838,18.58617
1237648675068248659,242.2009038,0.696788182,19.58187,19.28159,19.26969,18.96857,18.6224
1237648675068313818,242.3295581,0.708874882,19.21554,18.90536,18.51978,18.45171,18.44021
1237648675068313902,242.2242359,0.694559286,19.86675,19.60947,19.27678,19.1797,19.21689
1237648675068445044,242.5114103,0.676810207,19.85085,19.52467,19.46768,19.17869,19.1142
1237648675068510288,242.6852719,0.78070356,18.26763,18.08615,18.09039,18.22024,18.36913
1237648675068903790,243.5633687,0.78945673,20.25649,19.70989,19.32832,19.17234,18.97223
1237648675069493430,244.9816659,0.798870439,18.96428,18.8121,18.68619,18.60255,18.33462
1237648675603153490,237.6529425,1.198380363,22.07954,21.12687,19.91664,19.50047,19.11403
1237648675603415445,238.2962173,1.139566921,19.89305,19.59575,19.39483,19.02729,18.99955
1237648675603612040,238.7395944,1.082115909,19.61389,19.3327,18.97235,18.87321,18.81566
1237648675604267010,240.1196725,1.174081766,17.99632,17.69816,17.53976,17.39557,17.23261
1237648675604726285,241.2544767,1.110538414,19.93445,19.65356,19.53733,19.2682,19.18841
1237648675605315758,242.5625403,1.190245119,18.42195,18.22511,18.16032,18.02365,17.98728
1237648675606037663,244.2417857,1.210797308,25.53766,22.4863,20.50361,19.88231,19.6371
1237648675606430259,245.1546503,1.230141828,19.89666,19.46951,19.30198,18.99787,19.01888
1237648675606692421,245.7157934,1.245388074,19.22358,19.01697,18.703,18.65866,18.64358
1237648675608003121,248.6833268,1.177545941,19.4622,19.24357,19.19163,19.01645,19.04119
1237648702966399088,183.2930157,-1.195540663,19.41508,19.2575,18.83252,18.86065,18.98819
1237648702966464821,183.4499317,-1.170573667,20.7982,20.28099,20.25735,20.32269,20.14436
1237648702966595654,183.7079101,-1.21250055,18.71625,18.27221,18.26027,18.23496,18.1969
1237648702966595749,183.7588146,-1.142295895,19.50654,18.7494,18.65179,18.51271,18.25216
1237648702966595884,183.6868135,-1.123902764,20.22203,19.72257,19.46728,19.47656,19.31913
1237648702966595901,183.7049681,-1.200217064,20.99802,20.47057,20.41916,20.27875,20.07073
1237648702966595930,183.7356563,-1.226327432,22.02275,21.59118,21.69179,21.77341,21.14686
1237648702966661359,183.8323958,-1.194640784,24.63071,22.17057,21.52662,21.41043,22.31095
1237648702966661381,183.7955499,-1.119219794,20.15951,20.00354,20.04612,19.94291,20.09502
1237648702966661500,183.7774082,-1.194010048,22.63301,21.08768,20.91582,21.10041,20.84803
1237648702966661701,183.8871241,-1.161515501,24.26114,22.03721,21.731,21.59088,21.28607
1237648702966726937,184.0622696,-1.136020169,22.06188,21.33055,21.10763,21.124,20.76771
1237648702966726963,183.921162,-1.192925513,22.40099,21.54123,21.43515,21.33377,21.00282
1237648702966792726,184.185642,-1.115114579,25.48838,22.4529,21.34702,21.26796,21.39028
1237648702966857970,184.3127302,-1.055729085,21.47032,20.861,20.28497,20.17691,19.88498
1237648702966858069,184.242733,-1.233653381,22.11165,21.09268,20.04848,19.34571,19.18925
1237648702966924069,184.4881376,-1.125175394,21.65256,21.68069,20.70833,19.7454,19.33175
1237648702967054549,184.703029,-1.089433657,21.76686,20.07654,19.92385,20.02712,19.99459
1237648702967120125,184.9149513,-1.21499596,20.72341,20.35531,20.14324,20.01011,19.6496
1237648702967185538,185.0524521,-1.092099166,19.70121,18.37604,17.54293,17.10101,16.93039
1237648702967251176,185.188573,-1.24077121,22.01869,20.62422,20.32099,20.29319,20.30791
1237648702967251190,185.2123205,-1.188000616,21.14461,20.47632,20.47679,20.43238,19.92677
1237648702967251208,185.2373587,-1.065644349,23.70797,24.82263,21.97362,20.86923,20.43705
1237648702967316880,185.3410638,-1.126027466,24.86696,22.02132,21.45689,21.37134,21.20603
1237648702967382055,185.41828,-1.241720306,20.11043,19.72907,19.67152,19.6565,19.35299
1237648702967382225,185.4294893,-1.070995538,21.91785,21.60679,21.46912,21.49614,21.03081
1237648702967447630,185.6183419,-1.169708745,20.2501,19.6442,19.23209,19.07657,18.74824
1237648702967447772,185.573074,-1.139161108,21.46898,20.44591,20.17706,20.04756,19.67103
1237648702967513252,185.8007018,-1.161959052,23.20806,21.01623,20.65791,20.49026,21.29866
1237648702967513619,185.8435392,-1.074544411,23.2488,22.14604,21.56831,21.26532,21.29956
1237648702967579022,185.9097043,-1.225174708,24.53655,21.59458,21.06882,20.88177,20.96335
1237648702967775400,186.3328189,-1.126926323,20.17611,19.55276,19.17416,19.14311,19.16611
1237648702967840872,186.60034,-1.209606197,17.60652,17.42644,17.27574,17.30598,17.28265
1237648702967971974,186.8051284,-1.237388491,19.29832,19.45683,18.99177,19.02567,19.14768
1237648702967972001,186.8765767,-1.079465503,20.58488,19.09665,18.89428,18.78909,18.78367
1237648702967972127,186.8546241,-1.11774469,20.59028,20.44914,20.3709,20.31348,20.29286
1237648702967972348,186.8990813,-1.209103009,24.68142,21.80269,21.44439,21.45004,21.61948
1237648702968037764,186.9117815,-1.201544833,23.9335,21.61605,21.02938,20.94261,20.89824
1237648702968103119,187.2009059,-1.070691725,19.7372,18.26631,18.16973,17.86462,17.49948
1237648702968103208,187.0999523,-1.13702963,21.85094,21.30293,21.15598,21.22445,20.77353
1237648702968103243,187.1478159,-1.241123159,21.649,21.0098,20.85795,20.9544,20.62948
1237648702968168795,187.2611194,-1.106675163,21.61891,20.84317,20.64924,20.51601,20.20767
1237648702968234601,187.4711768,-1.054757063,25.58059,22.00376,21.75932,21.88216,22.05387
1237648702968299550,187.5534736,-1.098177484,19.00629,18.81969,18.5447,18.61185,18.52902
1237648702968299823,187.5866126,-1.093242023,21.6319,20.92878,20.4196,20.06305,19.82929
1237648702968365338,187.6894059,-1.251112095,20.30779,20.37321,20.40033,20.14071,19.90023
1237648702968365603,187.7480939,-1.06831148,23.96838,22.60665,21.24722,21.22524,21.52705
1237648702968430793,187.8393874,-1.110016175,25.83735,20.05273,19.38639,19.32003,19.34642
1237648702968430878,187.8635264,-1.154188461,21.93828,21.13857,21.14271,21.29667,20.7155
1237648702968431200,187.9428696,-1.113113839,22.4487,21.09778,20.87702,20.85295,20.45068
1237648702968496392,188.0161986,-1.122230589,20.62597,20.3606,20.25001,20.44331,20.43102
1237648702968496606,188.0518582,-1.065337072,22.3392,21.21794,20.99247,21.0457,20.69252
1237648702968496647,188.0958083,-1.148664069,22.19516,21.70831,21.68076,21.63082,21.42776
1237648702968692957,188.4818204,-1.201066583,20.88228,20.41387,20.1977,20.19178,20.10889
1237648702968758715,188.5827024,-1.093608861,22.71137,21.26723,21.04825,20.87268,20.76887
1237648702968823922,188.7940944,-1.129360891,19.47398,18.78969,18.69941,18.60638,18.56569
1237648702968823923,188.7962502,-1.14152824,20.09593,19.67189,19.63903,19.55063,19.44457
1237648702968824349,188.8077236,-1.174985587,25.07989,21.74557,21.46274,21.45524,21.65508
1237648702968889412,188.9734489,-1.196828293,18.91523,18.71377,18.61907,18.48784,18.51315
1237648702968889655,188.9390371,-1.119874696,22.08907,21.38113,21.25553,21.41837,21.27538
1237648702969086027,189.3369054,-1.220830043,19.5322,19.18563,19.09726,18.95864,18.69172
1237648702969086159,189.3079564,-1.15213447,20.40533,20.18925,20.22331,20.0772,19.78386
1237648702969086296,189.3179966,-1.155835344,22.56206,21.906,21.85706,21.73604,21.15702
1237648702969217198,189.7340423,-1.059121477,20.32243,19.68387,19.28794,18.95519,18.87638
1237648702969282768,189.7774551,-1.164853671,21.97145,21.39889,21.42978,21.28463,21.22195
1237648702969348153,189.9991552,-1.179144203,18.55704,18.22985,18.18167,18.33387,18.22628
1237648702969348231,189.9908639,-1.095930747,19.41634,19.23238,18.89691,18.99322,18.84416
1237648702969348615,189.9428804,-1.223965991,22.27644,21.43734,21.37477,21.53643,21.38286
1237648702969413754,190.0554145,-1.094393173,21.49098,20.36076,19.6976,19.3812,19.15985
1237648702969413827,190.0594164,-1.11263875,21.37939,20.75401,20.38746,20.10536,19.74217
1237648702969413870,190.1154248,-1.134197216,21.39655,20.95437,20.82706,20.97077,20.64474
1237648702970528048,192.7407101,-1.171156012,20.52913,19.87691,19.78032,19.81244,19.67367
1237648702970593285,192.7486924,-1.06792967,19.27704,19.21079,19.01585,18.95308,18.99461
1237648702970593635,192.8735532,-1.063849448,20.64003,19.94335,19.71468,19.67291,19.41978
1237648702970658854,192.9940212,-1.107205622,19.24488,18.82851,19.00558,18.75481,18.62912
1237648702970659273,192.9097209,-1.075897906,23.01391,21.84385,21.63791,21.317,20.91413
1237648702970659379,192.9759631,-1.24271168,22.58451,20.12077,19.97181,20.05407,19.75282
1237648702970790582,193.3030308,-1.099542588,23.26656,21.76338,21.4541,21.39506,21.50756
1237648702970855658,193.3613166,-1.164777481,21.29983,20.54596,20.26511,20.23793,19.96899
1237648702970855682,193.4045238,-1.216185647,21.97271,21.34285,21.23848,20.97246,20.61356
1237648702971052268,193.8843761,-1.102436976,19.49358,19.30191,19.16497,18.85753,18.91912
1237648702971052277,193.8887927,-1.080351294,20.83343,19.70832,19.57967,19.48241,19.4423
1237648702971052426,193.9087152,-1.131082186,21.69271,21.04084,21.05196,21.24366,20.81325
1237648702971052753,193.9360174,-1.191089834,24.53636,21.86528,21.91038,21.98603,22.22151
1237648702971183397,194.1064958,-1.236808664,20.90765,20.43365,20.21152,20.11269,20.21681
1237648702971183412,194.1277992,-1.11273105,21.03114,20.701,20.70637,20.67875,20.19286
1237648702971183450,194.1809174,-1.111593443,20.59681,19.8801,19.80381,19.83919,19.61192
1237648702971249392,194.265843,-1.098575362,22.23091,21.8716,20.96131,19.83313,19.7556
1237648702971314402,194.4967492,-1.191763697,24.99198,20.44902,18.99632,18.54342,18.46021
1237648702971380102,194.6476187,-1.22208161,20.57192,19.97908,19.93777,19.86656,19.68195
1237648702971445613,194.8383553,-1.090128873,20.75194,20.26257,20.19826,20.20226,20.04879
1237648702971511144,194.9516927,-1.129511066,21.98184,20.32249,20.11032,20.09224,19.98448
1237648702971511190,194.8506878,-1.226038774,22.48599,21.62271,21.71334,21.66191,21.43941
1237648702971576379,195.0121655,-1.100488149,18.3103,18.17691,17.93686,18.05766,17.34606
1237648702971707646,195.3250877,-1.211591513,21.01835,20.63368,20.55847,20.36406,20.24976
1237648702971773002,195.4740908,-1.236407938,17.97049,17.91656,17.8919,17.6866,17.66619
1237648702971773540,195.5207883,-1.249807995,24.97466,22.18229,20.51222,20.2206,20.07648
1237648702971904079,195.8049127,-1.18347174,19.03424,18.86326,18.79236,18.59671,18.6082
1237648702971904139,195.7841276,-1.075800074,22.12346,19.84996,19.74059,19.85398,19.6905
1237648702971969738,195.9642293,-1.163583023,19.65445,19.12946,18.98248,18.62587,18.37205
1237648702971969895,196.0259247,-1.112358003,22.01062,21.21215,21.29807,21.18323,20.66591
1237648702972100785,196.2400315,-1.230064953,19.39799,19.10047,18.77159,18.52418,18.24149
1237648702972559384,197.3086752,-1.20193102,19.05529,18.37431,18.0996,17.87199,17.8078
1237648702972625102,197.4946028,-1.191184113,21.17151,19.83594,19.63538,19.63232,19.5405
1237648702972625295,197.4074859,-1.164229731,24.79392,21.80785,20.8091,20.70549,20.54888
1237648702972690747,197.599637,-1.115180016,21.54881,20.89771,20.68916,20.62372,20.22344
1237648702972756304,197.774149,-1.193367716,21.83968,21.30319,21.30812,21.36153,20.96164
1237648702972821531,197.8792863,-1.05897717,18.77312,18.72713,18.46905,18.41397,18.49664
1237648702972887155,198.03618,-1.119481179,19.43596,19.13261,18.9456,19.10203,19.01728
1237648702972887236,198.1109956,-1.052920418,21.02524,20.42377,20.29582,20.1899,20.08422
1237648702972887552,198.0093913,-1.165350472,22.88067,21.09937,19.78948,19.22916,18.80204
1237648702972952642,198.2821966,-1.063248565,21.95269,21.47875,21.17848,21.05416,21.10268
1237648702973018230,198.2963136,-1.216190668,23.56612,22.22358,20.74169,19.76912,19.57739
1237648702973018738,198.390464,-1.129953699,22.39426,21.60329,21.52759,21.54885,21.11255
1237648702973084010,198.4769841,-1.144021634,21.48946,20.78204,20.72572,20.48933,20.14565
1237648702973280434,198.9613477,-1.184726399,21.01858,19.89567,19.60081,19.50146,19.41314
1237648702973280657,198.8969434,-1.069499931,21.52134,20.89823,20.84134,20.87006,20.7847
1237648702973280721,198.9997668,-1.243313633,21.72972,21.2252,21.09416,21.11984,20.882
1237648702973476883,199.3783843,-1.234136429,18.61473,18.62617,18.2158,18.20234,18.32121
1237648702973608398,199.6988192,-1.062862875,21.59327,21.21791,21.12139,21.15237,20.73003
1237648702973608429,199.7569882,-1.118638857,22.16392,21.24836,21.07737,21.2676,20.83131
1237648702973608790,199.7776634,-1.170327963,22.86226,21.07699,20.89596,21.08008,21.47297
1237648702973673859,199.8046903,-1.215467333,21.96128,21.36844,21.56299,21.25779,21.0335
1237648702973804648,200.1115452,-1.131371328,19.71913,19.28876,19.27166,19.06291,19.22741
1237648702973870475,200.2627945,-1.142226093,21.85598,21.27753,21.24113,21.23382,21.44602
1237648702973870917,200.3632094,-1.068532838,23.85557,21.45235,21.17476,20.94496,20.83349
1237648702973935977,200.493352,-1.106035996,21.67616,21.17541,21.19979,21.08217,20.80247
1237648702973935981,200.5033304,-1.132140866,21.04305,20.08244,19.67779,19.52502,19.191
1237648702974001470,200.5715893,-1.099200053,22.04026,21.21198,21.39416,21.3036,21.20295
1237648702974001518,200.6690632,-1.058533238,22.0629,21.33295,21.58475,21.42672,21.04589
1237648702974001615,200.5680343,-1.122911833,22.84852,22.01175,21.99756,21.83719,21.14001
1237648702974132562,200.8770747,-1.127118705,21.38725,20.8923,20.7862,20.76851,20.52968
1237648702974197889,201.0435997,-1.212137873,19.66951,19.71992,19.76968,19.37824,19.53762
1237648702974263342,201.2017562,-1.139365198,22.05968,21.35679,20.25786,19.41484,18.91928
1237648702974263422,201.1433757,-1.076878846,20.52811,19.56059,19.48748,19.23848,18.87321
1237648702974264054,201.2761591,-1.224972739,23.85775,22.41445,21.66486,21.4106,22.01513
1237648702974591580,201.9315434,-1.128682916,22.7223,21.04518,20.84323,20.86406,20.71682
1237648702974656755,202.1354474,-1.054987399,19.55059,19.21601,19.14157,19.02588,18.72193
1237648702974722234,202.2783431,-1.185343591,19.51908,19.18237,18.891,18.55194,18.50775
1237648702974722434,202.2818744,-1.218727933,20.55532,20.18752,19.8933,19.95775,19.82514
1237648702974853595,202.5163477,-1.102436751,23.16483,22.06199,22.12726,21.89174,21.41211
1237648702974918944,202.6655721,-1.119710499,21.03621,20.63395,20.58154,20.36875,20.14433
1237648702974919134,202.6515107,-1.118156218,22.86918,22.22639,21.2446,20.47382,19.71373
1237648702974984557,202.842547,-1.176155976,22.13791,21.08145,20.97517,21.24869,21.0053
1237648702975049913,203.0310897,-1.094461178,21.26565,20.86767,20.63837,20.61087,20.23099
1237648702975115910,203.1949163,-1.245917246,23.06857,21.76256,21.68213,21.90592,21.38924
1237648702975311938,203.5856242,-1.129076969,18.92903,18.19313,18.14391,18.10543,17.95514
1237648702975443087,203.9431371,-1.186610946,20.8322,19.95922,19.2209,18.8085,18.59787
1237648702975508820,204.0813337,-1.172509755,20.99393,20.4675,20.268,20.23911,19.73778
1237648702975509157,204.0925116,-1.110673122,23.5938,20.42808,20.23838,20.34513,20.30339
1237648702975574228,204.1406013,-1.074721008,20.0439,19.68928,19.47083,18.97687,18.62392
1237648702975574329,204.2670812,-1.203783317,20.02766,19.69109,19.5742,19.32904,19.45321
1237648702975574436,204.1831519,-1.198644642,21.98109,20.88287,21.00211,20.91546,20.54462
1237648702975574469,204.2596214,-1.224580093,20.504,20.06761,20.02928,20.01215,19.93176
1237648702975574828,204.2547012,-1.084925516,21.91406,21.17992,20.64742,19.73745,19.39362
1237648702975640200,204.3342843,-1.172075359,24.7803,21.21877,20.57595,20.33509,20.12988
1237648702975705768,204.5116717,-1.227939145,25.7277,21.76405,21.28032,21.33676,21.33956
1237648702975771050,204.6231329,-1.049541347,21.88915,21.37219,21.31647,21.14288,21.02927
1237648702975771075,204.6528057,-1.228128481,22.43882,21.54173,21.13036,20.66129,20.48328
1237648702975771439,204.6866506,-1.233552581,24.26072,21.86822,21.77305,21.57178,21.31114
1237648702975967903,205.0806321,-1.228714827,25.443,22.69784,21.11468,20.84454,20.60859
1237648702977015920,207.4516275,-1.106049934,16.94259,16.38679,16.30574,16.08914,16.15234
1237648702977015922,207.4551456,-1.228897741,19.44422,19.34145,19.05333,19.03365,19.05804
1237648702977016297,207.4699869,-1.141322674,22.4807,21.87837,21.60541,21.62952,21.25686
1237648702977081979,207.5884388,-1.193700382,25.36586,22.6979,21.49941,21.62253,21.95533
1237648702977081981,207.589107,-1.063119325,23.89951,21.52986,21.30743,21.53338,21.50224
1237648702977278371,208.1296245,-1.131624456,22.10914,20.3722,20.12772,20.11724,20.01324
1237648702977278450,208.0286282,-1.065578012,22.61253,21.72441,21.718,21.55598,21.42971
1237648702977343515,208.1986709,-1.056105651,18.76204,18.43661,18.1325,18.07883,18.05561
1237648702977343744,208.3037578,-1.070576128,20.94814,20.00891,19.81446,19.67823,19.39224
1237648702977344024,208.1780703,-1.101337264,23.10094,21.87755,21.88763,21.71943,22.35732
1237648702977344142,208.2411064,-1.17809068,24.62171,22.00465,21.72348,21.73904,21.5846
1237648702977409255,208.4278329,-1.117369741,20.16348,19.61926,19.56139,19.54856,19.33074
1237648702977409781,208.4528174,-1.169060147,23.61349,21.64198,21.31762,21.47883,21.39592
1237648702977475016,208.5396827,-1.210793991,21.65672,20.97042,20.88924,20.74114,20.43025
1237648702977606067,208.8898162,-1.229125584,22.2033,21.20281,21.03494,20.93955,20.43126
1237648702977671219,209.0146335,-1.072744949,18.72859,18.82217,18.73748,18.39501,18.22738
1237648702977671572,208.9351357,-1.229674603,22.2213,21.34439,19.98246,19.10814,18.80416
1237648702977671991,208.9828065,-1.17536902,24.89351,22.35281,21.17693,20.20954,19.83193
1237648702977802678,209.35166,-1.25125229,20.49143,20.29692,20.18589,19.81688,19.66806
1237648702977867839,209.4615334,-1.172793826,18.9202,18.74053,18.84813,18.69984,18.28795
1237648702977868083,209.3884166,-1.063491921,20.38977,20.03461,19.87275,19.73255,19.61464
1237648702977933459,209.6108114,-1.151564183,20.07954,19.55975,19.50054,19.47229,19.28424
1237648702977998865,209.6857293,-1.181992215,18.99721,18.89604,18.7619,18.53646,18.44405
1237648702977999453,209.7126147,-1.153833312,22.80715,21.73589,21.25992,20.90661,20.49443
1237648702978130105,210.0694027,-1.139468674,19.2534,19.11489,18.58416,18.33228,17.78904
1237648702978195507,210.2055668,-1.062480956,23.07597,21.78359,21.06298,19.92091,22.82272
1237648702978195775,210.1107633,-1.21970925,20.51482,19.9038,20.01378,19.90389,19.77254
1237648702978195974,210.1377896,-1.048334797,23.02917,21.97505,22.04794,22.0084,22.24779
1237648702978326896,210.4541707,-1.060018478,21.33873,20.77097,20.49325,20.35468,19.89955
1237648702978327273,210.551797,-1.102714786,22.32398,21.72008,21.86,21.73738,20.85803
1237648702978392413,210.622609,-1.086783178,20.40728,19.85438,19.79673,19.58625,19.34181
1237648702978457996,210.7275761,-1.152537784,20.8876,20.13622,20.21153,20.11965,19.82639
1237648702978458065,210.8310943,-1.215686827,21.47923,20.92974,20.91111,20.70423,20.18336
1237648702978523455,210.8966389,-1.10984173,21.31377,21.02371,20.80763,20.4472,20.13428
1237648702978523615,210.8996714,-1.069102485,21.70711,20.52334,19.63671,18.90726,18.33157
1237648702978588867,211.1017666,-1.156335946,19.4147,18.77234,18.79915,18.64785,18.34058
1237648702978719923,211.3596893,-1.178362795,19.77585,19.41626,19.33529,19.02333,18.95993
1237648702978720303,211.3948436,-1.130462254,21.83444,20.99682,20.05066,19.33125,19.08644
1237648702978785364,211.5729691,-1.049231911,19.19906,19.29424,19.19999,18.99146,18.85468
1237648702978785492,211.5935059,-1.208568602,20.43209,19.57789,18.95795,18.7238,18.67516
1237648702978785566,211.5954487,-1.176411768,22.80472,20.47836,18.80639,18.17786,17.86562
1237648702978851204,211.6674698,-1.135061813,20.84538,20.30558,20.22939,20.07577,19.94894
1237648702978851239,211.7298351,-1.056015312,22.09306,21.54568,21.41183,21.37599,21.36996
1237648702978851419,211.6919148,-1.106405472,22.62971,21.99176,22.00838,21.75826,22.09342
1237648702978916937,211.9042597,-1.170509096,21.27557,20.67323,20.65189,20.66463,20.28174
1237648702979047457,212.0731569,-1.242232086,18.04208,17.95175,17.8782,17.63477,17.53946
1237648702979047505,212.138545,-1.082475396,18.81972,18.43325,18.30498,18.14079,18.21864
1237648702979113066,212.206416,-1.110607459,20.11491,19.16813,18.95317,18.86335,18.82818
1237648702979178522,212.3961372,-1.079627448,19.44992,19.16291,19.23418,19.04292,19.03395
1237648702979178656,212.3796116,-1.057812914,20.93863,19.52431,19.29849,19.05321,18.95453
1237648702979178883,212.4911512,-1.193913846,21.58033,21.1269,21.0273,20.9495,20.35429
1237648702979244142,212.517881,-1.145709444,21.5927,19.64162,19.3371,19.18897,19.05502
1237648702979244538,212.573218,-1.116052314,24.93635,21.18893,20.7794,20.47892,20.16803
1237648702979309649,212.7490242,-1.187006726,19.14227,18.87727,18.75933,18.78379,18.77192
1237648702979310168,212.7414257,-1.109600383,23.32624,22.11647,22.41769,22.25159,21.70342
1237648702979310224,212.7638261,-1.141513491,24.11573,21.63402,21.64669,21.72731,21.90026
1237648702979375358,212.954175,-1.244139428,19.3968,19.06577,18.90909,18.91331,18.65579
1237648702979375660,212.8644905,-1.107734209,23.66969,21.74207,20.69118,19.73639,19.13973
1237648702979440817,212.9708578,-1.213340082,20.94832,20.01577,19.8367,19.7145,19.59874
1237648702979441359,212.9726068,-1.219713774,22.88389,22.30551,21.04957,20.13513,19.56872
1237648702979506400,213.2178927,-1.100246006,20.01408,19.32693,18.92687,18.64538,18.35172
1237648702979506756,213.1971854,-1.209968549,24.97806,23.93063,22.09751,20.51527,19.92609
1237648702979702841,213.610629,-1.231852458,18.16338,17.82378,17.8957,18.00779,18.222
1237648702979833866,213.8572343,-1.231290779,18.51359,17.52731,16.29175,16.02222,15.81768
1237648702979834128,213.8677051,-1.087487706,19.79503,19.61753,19.03569,18.59397,17.91649
1237648702980358584,215.1276217,-1.095398544,25.08776,21.29601,20.65456,20.11806,19.68448
1237648702980424336,215.3207112,-1.061208931,22.2809,20.92968,20.5906,20.77855,20.41772
1237648702981276630,217.2776299,-1.05751488,22.33437,22.88203,20.51413,19.45695,19.12311
1237648702981866040,218.5880441,-1.207322894,20.65104,19.98336,19.89471,19.87432,19.84363
1237648702981866473,218.6226104,-1.163402422,23.1843,21.88577,21.9124,21.92637,21.76098
1237648702981931441,218.7274855,-1.156398783,21.55744,20.99514,20.92901,20.89532,20.58819
1237648702981931677,218.7008807,-1.056750856,23.76247,21.92293,20.50891,20.00786,19.51608
1237648702982062298,219.0306755,-1.207378402,19.77249,19.51226,19.30884,19.12148,19.11352
1237648702982127696,219.2090828,-1.207812043,18.68949,18.50213,18.45687,18.21114,18.14487
1237648702982193340,219.2550245,-1.071666526,19.51001,19.0365,18.48173,18.25327,17.82785
1237648702982259130,219.450889,-1.243383124,20.42027,20.46121,20.30543,19.88701,19.75243
1237648702982324337,219.6395445,-1.237116224,18.1804,17.79061,17.88237,17.74882,17.84433
1237648702982324520,219.6364994,-1.147599577,20.71985,19.90077,19.95868,19.90936,19.7973
1237648702982390027,219.7812819,-1.104666456,19.92674,19.58557,19.22464,18.76055,18.52532
1237648702982586649,220.2328324,-1.111670961,20.28721,19.6603,19.69588,19.42686,19.11624
1237648702982652354,220.3892474,-1.21998707,20.39937,20.30382,20.2552,20.02182,19.88487
1237648702982717921,220.5057744,-1.097303727,22.20807,21.6723,21.58971,21.65875,20.90617
1237648702982783265,220.6842982,-1.162122663,20.35527,19.97261,19.52343,19.08023,18.8625
1237648702982848658,220.8617559,-1.136685789,19.42573,19.31357,19.09871,19.09647,19.12999
1237648702982848809,220.8322004,-1.065980282,20.26753,19.68042,18.95748,18.75261,18.15773
1237648702982849018,220.7551648,-1.128628254,20.15814,20.13403,20.09907,19.8364,19.90449
1237648702982849059,220.8287563,-1.138104786,22.14509,21.53507,21.52343,21.264,20.85036
1237648702982979822,221.1085152,-1.096106263,19.43733,18.98943,18.99728,18.82418,18.86364
1237648702983045787,221.3210703,-1.219794426,21.06323,20.42418,20.34254,20.16809,20.00617
1237648702983111197,221.4012939,-1.176147575,20.32903,20.0022,19.86918,19.52958,19.68337
1237648702983176200,221.4981144,-1.221543445,18.56488,18.35705,18.15782,17.80485,17.73215
1237648702983242055,221.7332057,-1.124273864,21.25487,19.87657,18.71008,18.13812,17.92426
1237648702983242162,221.6666362,-1.156377907,20.99861,20.32904,20.29503,20.18567,20.12493
1237648702983372849,221.9862837,-1.158899623,21.7446,21.76943,22.06825,21.66835,21.43344
1237648702983373734,222.0612959,-1.216624735,22.79775,21.78824,21.74789,21.61031,21.7547
1237648702983438375,222.1319484,-1.210874315,19.52439,19.19616,19.01185,18.9212,18.72563
1237648702983438603,222.1450691,-1.0795994,20.01778,19.57588,19.49297,19.65348,19.42058
1237648702983439228,222.2211494,-1.127202198,22.75956,22.07728,21.91043,21.97028,22.41286
1237648702983569800,222.3873873,-1.159265358,21.39933,20.52036,20.40831,20.41902,19.97524
1237648702983634978,222.5807241,-1.07475234,19.3989,19.21912,19.15376,18.95945,18.94394
1237648702983635149,222.5799581,-1.113181562,19.51263,17.83901,16.79061,16.21269,15.98238
1237648702983635181,222.6082034,-1.10862125,19.79162,18.15232,17.15662,16.65378,16.35831
1237648702983831653,223.0285192,-1.24411333,19.38609,19.33564,19.11866,19.06638,19.20561
1237648702983831967,223.1189576,-1.149768041,20.26179,19.97048,19.49868,19.42494,19.34952
1237648702983897260,223.2149508,-1.04381381,-9999,-9999,-9999,-9999,-9999
1237648702983897317,223.2587346,-1.090108116,18.26344,18.23153,18.15163,17.88261,17.86786
1237648702983962942,223.3530097,-1.045027369,19.5709,19.54992,19.40623,19.47211,19.41819
1237648702983963193,223.364394,-1.105417278,21.43538,21.02348,20.91229,20.92081,20.71744
1237648702983963394,223.3305659,-1.236433984,24.91428,21.41413,20.88707,20.57796,20.58636
1237648702984094274,223.7169717,-1.24824398,21.87437,21.10387,20.91164,20.75443,20.30048
1237648702984094332,223.5977157,-1.197710112,22.84411,21.60496,21.41688,21.20127,21.37657
1237648702984225308,224.0076357,-1.156245018,21.4778,21.16192,20.21911,20.1434,20.00544
1237648702984290425,224.128884,-1.0726823,19.38589,19.21496,19.03179,18.94823,18.92431
1237648702984356334,224.2185597,-1.168285376,21.6186,20.78087,20.75512,20.86003,20.55113
1237648702984356349,224.2393407,-1.240361705,21.4426,20.56554,20.56865,20.46506,20.105
1237648702984421398,224.3471962,-1.122845873,17.71219,16.42969,15.61508,15.16223,14.85139
1237648702984421406,224.3445992,-1.133592723,18.51966,17.94262,17.8749,17.85349,17.72505
1237648702984421469,224.3894183,-1.235867944,19.19411,18.94906,18.82787,18.57261,18.5451
1237648702984421747,224.4506719,-1.092081465,19.86137,19.02934,18.77803,18.61748,18.27645
1237648702984422397,224.4709865,-1.233012587,23.8062,21.09339,20.3466,20.07078,20.04738
1237648702984552683,224.6363777,-1.212605991,20.34079,19.7754,19.57736,19.61897,19.51384
1237648702984814940,225.2880955,-1.250753911,20.34606,19.77412,19.35979,19.13131,18.97348
1237648702984815188,225.2706316,-1.124420019,20.36933,20.10413,20.0119,19.75813,19.46718
1237648702984880193,225.4289141,-1.184283589,19.20061,18.97085,18.70303,18.72331,18.73994
1237648702984880983,225.492186,-1.182658061,22.65937,21.80925,21.65217,21.74623,21.57221
1237648702985011676,225.7715025,-1.106539405,20.79906,20.04571,19.82364,19.52699,19.27166
1237648702985076874,225.8301034,-1.188673998,19.4694,19.15745,19.09846,18.8974,18.81694
1237648702985142805,226.0958654,-1.08324181,21.12842,20.67803,20.38825,20.32121,20.03523
1237648702985208269,226.2388503,-1.102443218,21.65603,21.09226,20.40127,20.27046,20.34515
1237648702985273403,226.3115442,-1.238421315,19.30993,19.15899,19.18368,19.31475,19.22035
1237648702985339340,226.5052909,-1.2451877,21.66539,21.10483,20.72043,20.82217,20.29961
1237648702985404983,226.6569041,-1.075761041,22.06507,21.46074,21.24086,21.27234,21.267
1237648702985405294,226.6565674,-1.233458303,22.89577,21.37922,20.7218,20.18256,19.7226
1237648702985471049,226.8653798,-1.102966761,23.55553,21.90511,21.65844,21.75166,21.61567
1237648702985536028,226.9851993,-1.234594508,20.67803,20.12093,19.95438,20.00559,19.81326
1237648702985536152,226.8932073,-1.168631452,23.03709,21.91885,21.82342,21.84315,22.36312
1237648702985536209,226.915285,-1.15305634,23.40864,20.93276,20.08282,19.63447,19.37344
1237648702985602048,227.1365795,-1.086946197,25.3579,21.51715,20.97749,20.75327,20.53983
1237648702985667156,227.2634746,-1.242173905,21.09426,20.49743,20.22937,19.88082,19.74418
1237648702985798180,227.4860744,-1.189759427,21.59191,21.02955,20.73988,20.80981,20.59675
1237648702985863238,227.7139065,-1.151750313,18.93549,18.80455,18.80641,18.61123,18.62877
1237648702985929022,227.8183416,-1.090241267,24.06776,19.77157,19.18632,19.00452,18.91525
1237648702985994749,227.9456588,-1.167859814,23.60087,21.14047,20.82324,20.84197,20.66502
1237648702985994840,227.9856467,-1.226194685,21.85379,21.19263,20.88766,20.71738,20.18886
1237648702985994863,228.0030334,-1.089729117,21.3142,20.58023,20.15154,19.87192,19.53592
1237648702985994881,228.0237808,-1.114284686,20.95555,20.30952,20.41331,20.25566,19.77452
1237648702986059861,228.1201454,-1.206403657,18.46366,18.29466,18.02203,17.96826,18.02517
1237648702986125739,228.26827,-1.216034031,21.98322,20.55945,19.56475,19.20847,18.49674
1237648702986125894,228.3071559,-1.236633674,22.49402,21.80718,21.64335,21.64873,20.86271
1237648702986256804,228.5336859,-1.093543671,21.13203,20.42023,20.23221,20.11609,19.59843
1237648702986322418,228.7224891,-1.130903268,21.68292,21.07848,20.88923,20.56699,20.42258
1237648702986322740,228.7711332,-1.050597316,22.87744,21.91625,21.68292,21.6449,21.41266
1237648702986387929,228.9070186,-1.150523408,21.2757,20.52313,20.22106,20.16736,19.91419
1237648702986715202,229.6439597,-1.090357194,18.85496,18.44358,18.44245,18.45629,18.51372
1237648702986715701,229.7100007,-1.140276993,20.58391,20.34526,19.92891,19.85214,19.89722
1237648702986780999,229.8645017,-1.124865522,20.24723,19.86222,19.47804,18.99947,18.92247
1237648702986846933,229.9649848,-1.078934884,22.60965,21.81033,21.69967,21.66136,20.95465
1237648702986912068,230.0531726,-1.068410285,19.59804,19.19079,19.08398,19.04906,18.96406
1237648702987371184,231.0761308,-1.086954874,23.64442,22.02091,20.84613,20.73144,21.3197
1237648702987829753,232.1923528,-1.061607795,22.24875,20.93213,20.64987,20.70382,20.33398
1237648702988354260,233.3403843,-1.153126971,22.38583,21.47001,21.36113,21.23427,21.37966
1237648702991368482,240.2411772,-1.048475685,20.30595,19.7105,19.50699,19.14658,18.7927
1237648702991827312,241.3240053,-1.165402658,19.90049,19.54702,19.16578,18.87893,18.83644
1237648702991827534,241.356437,-1.175456249,20.46763,20.0778,19.52943,19.21756,18.91052
1237648702991828094,241.2550415,-1.205745725,25.52505,26.18698,22.49149,19.76563,19.84641
1237648702991893025,241.4500769,-1.15362926,20.78649,20.0421,18.85293,18.26167,17.95552
1237648702992155006,242.0387732,-1.044685602,20.40026,19.76475,19.2115,18.73682,18.68967
1237648702992286119,242.3418651,-1.111465923,20.01662,19.75107,19.53814,19.2075,19.17126
1237648702992613927,243.1325666,-1.199534138,20.16332,18.32569,17.13477,16.57007,16.2741
1237648702992614033,243.1796822,-1.050327804,23.8324,19.7865,19.1459,18.96076,18.8059
1237648702992810003,243.5012754,-1.168354112,18.61371,18.57384,18.37039,18.17822,17.94488
1237648702993858575,245.8953091,-1.078248553,22.15155,19.99615,19.71779,19.66468,19.61817
1237648702994252251,246.8041857,-1.247813323,19.40287,19.28411,19.07094,19.0055,19.05458
1237648702994383709,247.1293491,-1.10411033,19.73977,18.39717,17.34846,16.86481,16.56129
1237648702994513983,247.3958862,-1.094064462,17.72274,17.5099,17.19789,17.21973,17.16103
1237648702994973907,248.5557479,-1.056720908,20.64477,19.87946,18.84661,18.38022,17.9575
1237648702995300521,249.22921,-1.11955156,18.9724,18.52703,18.5779,18.34326,18.29844
1237648702995431855,249.6116496,-1.057257736,19.09004,18.87974,18.53336,18.43331,18.51984
1237648703495668297,165.909948,-0.741460907,24.16934,25.16353,21.45537,20.42657,19.99183
1237648703499337884,174.303575,-0.656127328,19.54682,19.22265,19.18886,18.87631,18.7458
1237648703503204671,183.0418908,-0.726695735,21.86607,20.84408,20.69047,20.36255,19.86627
1237648703503270113,183.2847239,-0.806647224,22.1473,20.31562,19.72813,19.64211,19.6046
1237648703503270392,183.2623905,-0.65418648,22.11794,21.04806,19.75558,18.92324,18.42622
1237648703503466810,183.6838956,-0.812189226,22.01296,21.39009,21.26797,21.02988,20.62083
1237648703503466825,183.70461,-0.737050376,20.99663,20.60109,20.56004,20.52912,20.14482
1237648703503466831,183.7082922,-0.809893805,21.47882,20.28954,19.68065,19.21539,18.95721
1237648703503532534,183.839546,-0.746153648,23.99049,21.65457,21.50672,21.29158,21.40305
1237648703503532625,183.8814889,-0.816794665,23.5464,21.2254,19.87253,19.83348,19.87536
1237648703503597727,184.0461902,-0.656431429,20.35097,19.78462,19.66702,19.6847,19.55914
1237648703503597867,184.0036197,-0.66664066,21.96243,21.58151,21.86894,21.45925,21.04406
1237648703503598049,183.9665533,-0.661890047,22.48394,21.27733,21.07023,21.09853,20.66252
1237648703503663460,184.1942603,-0.814529015,21.66922,20.78268,19.86474,19.541,18.98994
1237648703503663731,184.144887,-0.704452746,22.35048,21.66503,21.68292,21.38649,21.22027
1237648703503728917,184.3618895,-0.723187706,19.204,19.07582,18.77126,18.82692,18.82742
1237648703503729199,184.2572683,-0.763640738,22.2296,21.709,21.59454,21.43613,21.29352
1237648703503794439,184.3743751,-0.787705726,20.55289,20.21412,19.86546,19.75319,19.59111
1237648703503794512,184.5033906,-0.717942782,25.23311,22.28639,21.72765,21.69978,21.70355
1237648703503794782,184.4640893,-0.788599275,23.09669,21.65091,21.40286,21.54235,21.13252
1237648703503925355,184.7968007,-0.729337822,18.27107,17.8867,17.93803,17.97997,17.89984
1237648703504121956,185.154203,-0.675673407,18.76226,18.61185,18.43007,18.34042,18.46764
1237648703504122082,185.2338193,-0.64435469,22.66088,19.65313,19.42562,19.49782,19.47607
1237648703504187541,185.354466,-0.691855795,20.07913,19.61701,19.67793,19.60173,19.35749
1237648703504187771,185.2910995,-0.817081453,22.57088,21.46992,21.58411,21.34519,20.86494
1237648703504253174,185.4346378,-0.695594206,21.28916,20.35252,19.96135,19.83615,19.66274
1237648703504318751,185.640109,-0.801134362,22.00409,20.51058,20.27964,20.31733,20.40043
1237648703504318939,185.6291186,-0.806580447,25.81411,21.75941,21.29486,21.24018,21.18096
1237648703504319001,185.6579845,-0.743207549,24.81574,22.07084,21.55132,21.62618,21.53335
1237648703504384374,185.7765938,-0.65012222,22.50224,21.66979,21.48267,21.71202,21.57061
1237648703504384424,185.7981856,-0.633294525,24.53463,21.43977,20.3973,20.30371,20.37458
1237648703504449684,186.0092489,-0.706118083,19.83797,19.39626,19.38546,19.3582,19.12244
1237648703504449819,185.9582225,-0.707092436,21.73296,21.06591,20.81427,20.59557,20.19083
1237648703504449820,185.960424,-0.767968962,22.0572,21.22926,20.95382,20.94424,20.54672
1237648703504515501,186.0674452,-0.7553176,23.68171,21.61706,20.35313,20.14016,20.43477
1237648703504515682,186.1450351,-0.72519413,22.45951,21.64496,20.38988,19.59572,19.04844
1237648703504581128,186.2263115,-0.653773544,24.19283,22.04341,22.02967,22.08952,22.48289
1237648703504646289,186.3994825,-0.777260699,20.91317,20.02316,19.89267,19.75167,19.43507
1237648703504646354,186.3204436,-0.72855119,21.85897,20.98496,20.84188,20.58677,20.36637
1237648703504712066,186.4856191,-0.664786301,23.63773,21.6845,21.62016,21.49834,21.28113
1237648703504712159,186.5238818,-0.694919872,22.2574,21.27485,21.34084,21.30122,21.31157
1237648703504777689,186.6743078,-0.696101132,22.20449,20.78099,20.61049,20.65216,20.43602
1237648703504777832,186.7222905,-0.753348866,23.8425,20.91875,20.61806,20.46709,20.41529
1237648703504842801,186.8499619,-0.721189023,18.93354,18.59221,18.62659,18.71554,18.80885
1237648703504974034,187.2025256,-0.69188792,20.0386,19.8693,19.81823,19.5187,19.67767
1237648703505105326,187.3954198,-0.777306683,23.02322,21.8958,21.70491,21.53382,20.96206
1237648703505170603,187.6172413,-0.73385703,19.1726,18.86333,18.29103,17.87178,17.64289
1237648703505170706,187.6461888,-0.670177602,21.49343,20.67814,20.68058,20.64323,20.32126
1237648703505170947,187.6173213,-0.644903819,23.40875,21.41166,20.97471,21.0182,21.05264
1237648703505236311,187.8049418,-0.711605591,23.66931,21.67162,21.49567,21.26667,21.32573
1237648703505367049,187.9583564,-0.705589438,22.49347,21.95782,21.84895,21.70224,21.21729
1237648703505367350,188.0300161,-0.706573833,21.98187,21.52978,21.29448,21.14502,20.64199
1237648703505563989,188.4885132,-0.816399135,21.14816,20.64517,20.50743,20.62187,20.3143
1237648703505564133,188.4464774,-0.7236294,24.67439,21.373,20.11621,19.96158,20.04823
1237648703505629356,188.6664084,-0.708952029,19.56206,19.31903,19.53092,19.2513,19.1483
1237648703505695102,188.7578241,-0.785546234,20.96582,20.39164,20.21724,19.9256,19.97056
1237648703505695125,188.8021775,-0.66033191,24.93344,20.67186,20.26402,20.2715,20.37584
1237648703505695262,188.7414841,-0.700268848,22.97583,21.36703,21.22104,21.33582,21.44857
1237648703505760288,188.87482,-0.694714585,19.20456,18.95849,18.79544,18.51369,18.54367
1237648703505760787,188.939399,-0.642573743,22.74814,21.4017,21.09716,21.03741,21.04892
1237648703505826032,189.0577481,-0.651449872,19.77428,19.03096,19.00991,18.92376,18.64319
1237648703505826062,189.1080872,-0.717879223,22.051,20.25459,19.8972,20.02593,19.8322
1237648703505891581,189.2374026,-0.685386266,19.31247,19.16143,19.06491,18.80104,18.83984
1237648703505891615,189.2584701,-0.632354918,20.41042,19.79348,19.49645,19.37709,19.22905
1237648703505891778,189.1904989,-0.658015233,21.35191,20.65796,20.66529,20.46255,20.11773
1237648703505891844,189.2900652,-0.795681669,22.17485,21.76517,21.57414,21.77843,21.94659
1237648703505891878,189.1613308,-0.814449345,22.81653,21.47402,20.44227,19.62516,19.16614
1237648703505892005,189.2213621,-0.633879621,22.59274,22.11551,21.03931,20.14448,19.77143
1237648703505892072,189.2528653,-0.764359844,25.42494,21.84242,20.40266,20.38083,20.38616
1237648703505957017,189.3494572,-0.702783207,19.81411,19.65769,19.57075,19.30375,19.13094
1237648703505957027,189.3666473,-0.737035942,20.26526,19.69892,19.74191,19.60801,19.36063
1237648703505957049,189.3918609,-0.831358228,20.20297,19.66597,19.50129,19.54059,19.4548
1237648703505957280,189.4191775,-0.712900119,21.73974,20.78746,20.40668,19.75519,19.40943
1237648703506022718,189.5179397,-0.77076362,21.81408,21.10419,21.02215,20.74051,20.17755
1237648703506088062,189.694654,-0.706533858,18.90321,18.75513,18.69607,18.77396,18.65653
1237648703506088165,189.7114888,-0.731169496,23.20652,21.92024,22.04807,21.92333,22.81588
1237648703506088251,189.6501754,-0.789115438,20.87723,20.25493,20.33417,20.22349,19.93358
1237648703506088450,189.671863,-0.665567899,22.15003,20.53428,20.24069,20.01623,19.92317
1237648703506153510,189.8865407,-0.643949557,19.20448,18.67445,18.31664,18.07338,18.0148
1237648703506153562,189.7646979,-0.821036738,24.29587,21.25671,20.67245,20.49829,20.55636
1237648703506153761,189.8356372,-0.720395667,21.59318,21.34988,21.49479,21.47247,21.14991
1237648703506153950,189.8010678,-0.830373256,22.31754,21.5981,21.82667,21.57818,21.41477
1237648703506154037,189.8337045,-0.64070068,24.26432,22.0081,21.66714,21.32844,21.06952
1237648703506154116,189.8681389,-0.732461945,23.95225,20.93257,20.63072,20.63461,20.64934
1237648703506219132,189.9373054,-0.716120274,19.35935,19.30572,19.1212,19.06791,19.08432
1237648703506219147,189.9602229,-0.741072686,20.79058,19.83906,19.77186,19.67399,19.47233
1237648703506219419,189.9174445,-0.719218412,25.6266,21.71984,21.15298,21.16864,21.91537
1237648703506284867,190.2017766,-0.667639407,20.93619,20.51217,20.60445,20.62729,20.1821
1237648703506285265,190.1951709,-0.644635078,22.62786,21.69968,21.80476,21.83645,21.85128
1237648703506285269,190.1957775,-0.695113352,22.56606,22.07086,21.94446,21.93269,21.89734
1237648703506808877,191.3848593,-0.795040772,19.08984,19.04455,19.00181,18.81487,18.58106
1237648703506809087,191.3037503,-0.813176605,21.92025,21.53327,21.36993,21.37763,21.30219
1237648703506874822,191.4468644,-0.812573818,22.85185,21.20019,20.96967,21.18069,21.17927
1237648703506874906,191.484535,-0.652572918,23.90442,21.47139,21.01427,20.75471,20.78376
1237648703507006052,191.790602,-0.685490943,22.57511,21.6904,21.44063,21.18618,20.76701
1237648703507071284,191.952466,-0.698339236,21.67772,20.9451,20.83731,20.85274,20.3239
1237648703507071304,191.9837821,-0.725869075,22.18098,21.40453,21.40682,21.39891,21.32547
1237648703507202221,192.2362382,-0.690526942,20.76627,20.14643,20.14405,20.09382,19.87694
1237648703507202354,192.1876792,-0.772046704,22.18519,21.21485,21.09015,21.02287,20.81156
1237648703507202517,192.1699311,-0.784776798,21.95799,21.13842,20.51658,19.77757,19.23009
1237648703507202760,192.2649153,-0.641553146,22.32975,21.56921,21.38026,21.55258,22.0907
1237648703507267876,192.3403661,-0.651484875,21.62649,21.20435,21.17807,21.16824,20.75885
1237648703507333495,192.577313,-0.677131931,22.30565,21.38103,21.2359,21.12457,20.77849
1237648703507333806,192.5498111,-0.823112013,23.51586,22.05643,21.54172,21.24894,20.77461
1237648703507399263,192.6388156,-0.801881903,23.0469,21.79585,21.52489,21.65912,21.55261
1237648703507465001,192.890331,-0.727171985,22.48814,21.77396,21.83809,21.50087,21.37556
1237648703507530209,192.9534104,-0.650045631,23.05364,20.81777,20.51945,20.40774,20.27931
1237648703507530356,193.004236,-0.755922661,25.58793,22.29138,21.81748,21.55638,21.42338
1237648703507595286,193.0853066,-0.663468231,18.90068,18.81338,18.87677,18.50519,18.60592
1237648703507595524,193.1824386,-0.660924117,21.23374,20.66838,20.65944,20.5945,20.34849
1237648703507595842,193.1668968,-0.792656026,23.59634,22.00214,21.73101,21.69115,21.30648
1237648703507660926,193.2448084,-0.71002858,19.95724,19.91463,19.38845,19.37674,19.45822
1237648703507661315,193.2603742,-0.65230427,22.32854,21.55468,21.54259,21.35728,20.77086
1237648703507661554,193.2034246,-0.642954165,22.82644,22.84665,20.85842,19.83874,19.42384
1237648703507726433,193.4056513,-0.802660687,18.61957,18.42811,18.45349,18.43577,18.26792
1237648703507791975,193.5090184,-0.825323824,20.06216,19.61027,19.13883,18.98231,19.04088
1237648703507792135,193.6398758,-0.656297846,24.91611,22.44661,20.55323,20.08284,19.99612
1237648703507792187,193.5549225,-0.781796869,22.45317,21.62593,21.58108,21.20373,20.62263
1237648703507792238,193.6037586,-0.687443875,21.75627,21.42478,21.62226,21.3776,21.0766
1237648703507792752,193.5462434,-0.785425762,25.03331,22.88913,21.21135,19.88633,19.26366
1237648703507857436,193.7233776,-0.723601824,19.17381,18.96843,18.77835,18.62044,18.51237
1237648703507857525,193.6631537,-0.726289677,19.69086,19.15066,18.31166,17.81943,17.55282
1237648703507923798,193.9261638,-0.823043301,24.11019,21.67602,21.37845,21.39038,21.68106
1237648703507923930,193.8386469,-0.748432134,25.20087,22.85651,21.31606,20.29705,19.76712
1237648703507989206,194.025149,-0.813278764,22.58302,22.02466,21.99776,21.78261,21.82983
1237648703508054376,194.1295567,-0.727911438,21.57494,20.33531,20.22447,20.14253,20.14113
1237648703508054573,194.1389259,-0.793696264,25.02275,21.54253,21.04737,20.85548,20.78295
1237648703508054708,194.1980874,-0.710162607,25.63631,22.06534,20.83415,19.92997,19.61683
1237648703508054724,194.2090743,-0.662232563,22.45438,21.29494,21.03612,20.93867,20.58242
1237648703508185198,194.485733,-0.769919725,19.78756,19.52262,19.43357,19.21727,19.10911
1237648703508185350,194.4636753,-0.730733067,21.89575,20.90175,20.26379,19.76209,19.48265
1237648703508185368,194.4980691,-0.77065857,22.24451,20.66091,20.38883,20.38437,20.33821
1237648703508185764,194.504014,-0.65219671,23.5311,21.39371,21.27461,21.59417,21.57603
1237648703508250645,194.5774916,-0.775322851,19.29245,19.28926,19.29315,19.0402,18.95078
1237648703508251037,194.6915822,-0.804345247,21.55467,21.253,21.05497,21.02217,20.81875
1237648703508251425,194.6793738,-0.637217848,23.28459,21.81312,21.60648,21.29051,21.07386
1237648703508382049,194.9433841,-0.792076674,22.03593,21.39084,21.32817,21.15597,21.09992
1237648703508382059,194.9465007,-0.63238823,21.18838,20.31823,20.27754,20.15763,19.76212
1237648703508382484,194.9681676,-0.665671776,22.6854,21.42162,20.74235,19.90026,19.76442
1237648703508382752,194.9282094,-0.754101524,26.81826,23.41432,20.9799,19.77786,19.2024
1237648703508447256,195.0295873,-0.739009398,21.04735,20.35608,20.41306,20.14006,19.69587
1237648703508512928,195.248405,-0.790729054,20.06948,19.40704,19.22136,19.15958,19.14065
1237648703508512970,195.1470474,-0.657856798,21.59487,20.30927,19.32065,19.20146,19.09142
1237648703508643885,195.5344658,-0.62545591,-9999,-9999,-9999,-9999,-9999
1237648703508643970,195.4494995,-0.638140929,21.23565,19.80824,19.40887,18.89232,18.45461
1237648703508644106,195.5908464,-0.7772748,20.52906,19.19007,18.93663,18.66585,18.33691
1237648703508644202,195.4454723,-0.82407947,21.26096,20.67777,20.52963,20.43266,20.16675
1237648703508644205,195.4518457,-0.727592203,21.4602,20.87638,20.93967,20.6591,20.5453
1237648703508644605,195.5392744,-0.775563494,25.70756,21.81797,20.72156,20.54288,20.5693
1237648703508709575,195.639715,-0.799037756,19.62852,19.41099,19.3279,19.08843,19.14874
1237648703508709601,195.6738891,-0.795531577,23.28957,19.54773,19.06984,19.10669,19.09738
1237648703508840463,195.8971104,-0.82021854,18.65966,18.28913,17.75796,17.38861,17.32661
1237648703508840561,195.9233263,-0.653047192,19.90476,19.31507,19.14458,18.81509,18.74846
1237648703508906159,196.1000136,-0.63254776,20.61458,18.60615,18.43972,18.23455,18.17043
1237648703508906277,196.0525303,-0.826537355,22.02723,21.43225,21.47363,21.40026,22.24944
1237648703509037128,196.4224607,-0.733577575,22.73808,19.88978,19.06643,18.93111,18.86944
1237648703509037397,196.4152776,-0.823110441,21.67845,20.92003,20.77615,20.80457,20.47044
1237648703509102949,196.5627554,-0.632276868,22.23279,21.59286,21.96258,21.85947,21.38809
1237648703509103105,196.5199573,-0.775459144,22.37298,21.11411,20.56206,19.95863,19.67344
1237648703509233682,196.8570676,-0.757143004,19.04976,18.70381,18.72666,18.52861,18.46222
1237648703509299303,197.0551867,-0.710263458,18.856,18.83268,18.81534,18.57714,18.37406
1237648703509364976,197.1590262,-0.727308565,19.4539,19.09639,18.78753,18.74915,18.71967
1237648703509430710,197.3859774,-0.640405626,20.75777,20.35872,20.311,20.31957,20.29141
1237648703509430785,197.2573734,-0.743948757,23.36172,21.9797,22.02366,21.67918,21.25157
1237648703509496176,197.5109025,-0.725594712,22.20662,21.2927,21.27026,21.24674,20.775
1237648703509496491,197.5026778,-0.648424018,22.93695,22.06996,22.18903,21.92293,21.73686
1237648703509561409,197.655654,-0.795547246,18.26669,17.97382,17.96375,18.05026,17.98823
1237648703509561585,197.6699599,-0.778589398,19.3088,19.29691,19.04823,19.07047,19.16936
1237648703509561746,197.6469319,-0.789716245,21.26776,20.84569,20.7013,20.43191,20.09462
1237648703509627203,197.8072737,-0.765204319,19.42762,19.13533,18.89414,18.81684,18.89771
1237648703509692777,197.8813384,-0.657592164,21.30462,20.59426,20.39066,20.60603,20.38947
1237648703509692779,197.8871834,-0.752696405,22.19696,21.52464,21.30142,21.35358,21.19361
1237648703509823525,198.1536076,-0.66270981,21.00888,20.34007,20.30876,20.3698,20.14371
1237648703510020192,198.6212,-0.638191891,20.39759,19.58872,19.34031,19.24453,19.25747
1237648703510020398,198.7121034,-0.786074176,22.14072,21.06907,20.8565,20.80608,20.6142
1237648703510085731,198.7403959,-0.679793456,20.18835,19.63297,19.59465,19.58443,19.35209
1237648703510085900,198.7674464,-0.714842659,21.47856,21.00365,20.98918,20.74064,20.42303
1237648703510151214,198.9552748,-0.720556613,19.1673,19.10726,19.14831,18.97988,18.84023
1237648703510151302,198.9577247,-0.680002981,19.79199,19.31391,19.15035,19.1272,18.84211
1237648703510348293,199.4334574,-0.811840044,22.65056,21.90622,22.09769,21.83124,21.12101
1237648703510479272,199.7103412,-0.781377567,21.23608,20.82644,20.21386,19.7629,19.39732
1237648703510544469,199.9115291,-0.827788917,17.85637,17.61581,17.52615,17.53788,17.4486
1237648703510544618,199.928557,-0.769776862,20.16892,19.51524,18.93289,18.61586,18.47904
1237648703510675516,200.1703426,-0.829972327,21.06887,20.69283,20.38363,20.28012,19.91497
1237648703510675677,200.2107048,-0.672483657,20.14511,19.77499,19.64469,19.61806,19.45068
1237648703510675940,200.0977522,-0.791917381,22.78385,20.77657,20.42313,20.40896,20.46226
1237648703510676050,200.1369856,-0.792125108,22.70836,21.9476,21.89039,21.66927,21.65571
1237648703510741345,200.2814211,-0.793209996,21.61588,20.89935,20.94291,20.81149,20.64005
1237648703510741724,200.3283219,-0.666387685,23.80171,22.44837,21.48219,20.8231,19.97585
1237648703510806892,200.4161123,-0.697769276,23.53373,20.42433,19.24701,18.64966,18.40009
1237648703510872153,200.6500015,-0.820099144,18.64664,18.31568,17.99586,17.90004,17.80649
1237648703510872314,200.676361,-0.663860357,19.29447,19.03616,18.99375,18.79159,18.78044
1237648703510872416,200.6266384,-0.744849737,22.40575,21.81567,21.74938,21.73779,21.39724
1237648703510937644,200.7691076,-0.649035403,18.87253,18.68659,18.33128,17.8846,17.82574
1237648703511003345,200.8621084,-0.699608142,19.53694,19.30038,19.38528,19.5233,19.72805
1237648703511003437,200.96339,-0.650067831,19.96569,19.32042,19.25031,19.23281,19.19733
1237648703511068840,201.0375576,-0.67415726,19.48405,19.29554,19.24348,19.05871,19.11295
1237648703511068849,201.0474,-0.680771277,20.32393,19.51353,19.49422,19.52587,19.19616
1237648703511134740,201.1616996,-0.730054416,23.22486,21.4345,21.22333,21.08192,21.33685
1237648703511331170,201.7046892,-0.684810334,20.97462,20.34434,20.31813,20.29056,20.09348
1237648703511396408,201.7760551,-0.710748479,22.14922,20.82062,20.28994,19.78033,19.52658
1237648703511593258,202.2479978,-0.638560189,22.16723,21.63184,21.65115,21.88512,21.23332
1237648703511658852,202.3657862,-0.755330837,21.87273,21.36022,21.41076,21.3828,21.7533
1237648703511659006,202.3565273,-0.687368257,23.60271,21.17236,20.73347,20.60462,20.47954
1237648703511724347,202.4962419,-0.80890078,21.56069,21.07186,20.97381,20.97763,20.61882
1237648703511724929,202.6081741,-0.821298833,22.8506,20.93703,20.05182,19.34162,18.82201
1237648703511789595,202.6543831,-0.758180046,18.71008,18.49102,18.39143,18.32645,18.10302
1237648703511920798,203.0069345,-0.631676583,20.43672,19.67136,19.55986,19.6027,19.49344
1237648703511920950,202.9566198,-0.729554194,22.07325,21.52562,21.45106,21.5217,20.91436
1237648703511920990,203.0129399,-0.810372274,21.80448,21.22494,21.10296,21.19868,20.65653
1237648703511986310,203.0910774,-0.787753877,19.78767,19.33805,18.83887,18.68383,18.64698
1237648703512117282,203.4594194,-0.663031112,19.16686,18.68652,18.65986,18.6825,18.46502
1237648703512248594,203.8059837,-0.778094609,19.674,19.47173,19.18108,18.97984,18.79223
1237648703512379562,204.1072994,-0.775108652,19.60659,19.36352,19.53369,19.35397,19.13048
1237648703512379649,203.9939484,-0.711371286,20.84379,20.46464,20.56302,20.43115,20.10676
1237648703512445004,204.1964441,-0.815868717,18.24274,17.4555,17.47108,17.42094,17.31069
1237648703512445266,204.1402238,-0.660103162,21.5419,20.58017,19.24369,18.82955,18.61474
1237648703512510477,204.3028944,-0.657815836,18.61371,18.33666,18.32615,18.16001,18.23772
1237648703512576321,204.438899,-0.730349343,20.08542,19.48256,19.53636,19.41055,19.13934
1237648703512642727,204.7195575,-0.809560573,23.43564,22.0892,21.97217,22.00461,21.44474
1237648703512707457,204.8365251,-0.691311121,20.63642,20.08865,19.37768,18.51017,18.51246
1237648703512707510,204.7641566,-0.7114159,22.4085,21.78619,21.06272,20.33001,20.01931
1237648703512773125,205.0012334,-0.655814419,22.07682,21.44994,21.30584,21.2265,21.24305
1237648703512838198,205.1541894,-0.789359532,19.82016,19.20553,19.23989,19.16492,18.9826
1237648703512838678,205.1410325,-0.734316579,21.75902,20.84241,19.81713,19.36709,18.82486
1237648703512969759,205.457507,-0.821805141,21.88241,21.22812,21.08155,21.13839,20.94333
1237648703513035340,205.6109763,-0.833243745,21.39728,20.98151,20.93266,20.91691,20.64606
1237648703513035936,205.597776,-0.731227491,24.51996,22.42211,21.03249,20.06973,19.7338
1237648703513100969,205.6701548,-0.761279754,24.93113,22.1474,21.80133,21.13236,20.82121
1237648703513232187,206.0001943,-0.733593378,25.07422,22.17103,21.80088,22.198,22.54639
1237648703513296987,206.1712247,-0.830625849,19.13965,18.72155,18.69064,18.66968,18.44992
1237648703513297074,206.1139515,-0.728211457,19.22206,18.91334,18.80357,18.68763,18.74476
1237648703513428540,206.4966932,-0.790661278,21.16789,20.37389,20.36492,20.35418,20.08951
1237648703513493800,206.628353,-0.703926348,20.98132,20.31345,20.58517,20.34168,20.02509
1237648703513494054,206.6292116,-0.745004068,21.5019,20.75795,20.64119,20.70701,20.21796
1237648703513494400,206.5919252,-0.8212789,22.78659,21.26524,20.99799,20.81744,20.30844
1237648703513560145,206.7595125,-0.701948263,25.33393,23.49503,21.20043,20.41182,20.23808
1237648703513690797,207.0076748,-0.792918182,23.54625,21.72635,21.41473,21.61539,21.48114
1237648703513690918,207.0374152,-0.710119641,23.54158,21.44996,21.05719,21.04909,21.00885
1237648703513821249,207.3929659,-0.684141397,18.11449,17.76986,17.86451,17.70888,17.67264
1237648703513822166,207.3994208,-0.661460174,24.54887,21.29447,20.84986,20.60141,20.55776
1237648703513887003,207.544472,-0.755548585,19.76906,19.37439,19.29839,19.18245,19.17624
1237648703513887402,207.4524639,-0.797058264,25.30605,21.42838,20.93337,20.74705,20.73018
1237648703514018221,207.8224515,-0.65128307,21.3036,20.85828,20.78604,20.79558,20.64544
1237648703514018389,207.7411049,-0.732027092,24.85418,22.46283,20.3021,19.90863,19.68306
1237648703514083751,207.97015,-0.722760631,21.73157,21.2329,21.21605,21.06596,20.72136
1237648703514148870,208.0694192,-0.77569421,19.13368,18.99166,18.68593,18.61941,18.66813
1237648703514214668,208.3043737,-0.701870739,20.84209,20.32693,20.14076,19.94344,19.68071
1237648703514214793,208.2682725,-0.765895816,21.10519,20.55643,20.4473,20.45684,20.16027
1237648703514345743,208.5892584,-0.807415903,19.85145,19.50819,19.36532,19.15558,18.99683
1237648703514346358,208.5951663,-0.683528106,22.93125,21.87635,21.66833,21.78891,21.59859
1237648703514346360,208.5958324,-0.651687515,24.70041,22.99802,20.65572,20.15648,19.9289
1237648703514738729,209.3959125,-0.780272538,17.93154,17.91912,17.87695,17.61737,17.53136
1237648703514739129,209.5063774,-0.663075571,21.94295,21.38484,21.38251,21.28633,20.88964
1237648703514935551,209.9132233,-0.823717596,20.12992,19.64591,19.59148,19.27069,19.02887
1237648703514936062,209.886903,-0.81948736,23.2013,21.9354,20.48253,19.72267,19.29932
1237648703515000848,209.9628851,-0.714013216,19.05551,18.99973,18.93319,18.84302,18.75819
1237648703515000937,210.0822371,-0.796642314,18.30253,18.14732,17.89906,17.94129,18.16422
1237648703515066738,210.1447952,-0.651278715,21.45312,20.76884,20.36903,19.89212,19.69271
1237648703515066771,210.1603237,-0.739023359,21.07206,20.62077,20.51808,20.4517,20.34349
1237648703515066868,210.1148305,-0.762811576,25.19491,21.62139,21.27629,21.07901,20.76269
1237648703515132060,210.3095572,-0.760298022,19.39085,18.80582,18.71814,18.70181,18.47402
1237648703515132270,210.3299076,-0.633075783,21.76037,21.01127,20.96667,21.00201,20.88289
1237648703515263224,210.7005137,-0.823312852,19.48414,19.33492,19.33427,19.15987,19.06242
1237648703515263519,210.5866276,-0.670870255,22.73491,21.98202,20.56382,19.74614,19.17368
1237648703515459886,211.0333155,-0.626089275,21.82885,21.09752,21.2849,21.13843,21.33199
1237648703515721906,211.6777,-0.669392938,19.62619,19.42375,19.25776,19.0454,19.00144
1237648703515721968,211.7268202,-0.823191527,20.66641,20.06257,20.12041,20.01507,19.89029
1237648703515787423,211.7941521,-0.820900531,19.3324,19.04396,18.82727,18.57731,18.65663
1237648703515787444,211.8107394,-0.672106807,21.54927,19.73935,19.52182,19.50594,19.47656
1237648703515853161,212.0214517,-0.814607345,21.75473,20.98871,20.83367,20.86988,20.5606
1237648703516115082,212.5769442,-0.683165933,18.05842,17.92542,17.77081,17.85382,17.93493
1237648703516115269,212.6264556,-0.708783298,19.58581,19.41559,19.41132,19.08274,19.18131
1237648703516180868,212.7621848,-0.826716659,21.82655,21.08932,21.07596,20.93106,20.48076
1237648703516311741,212.9945606,-0.653797155,19.23224,18.68951,18.51409,18.4663,18.25779
1237648703516312363,213.0604337,-0.792425909,24.62941,21.26548,19.93957,19.77254,19.69953
1237648703516377365,213.1249229,-0.740788926,21.34208,20.43176,19.56119,19.16185,18.77132
1237648703516377501,213.2162432,-0.792631831,21.38524,20.58768,20.59507,20.40709,20.17993
1237648703516442767,213.3848328,-0.819320814,24.88379,21.0263,19.55532,19.28447,19.20112
1237648703516442877,213.3028634,-0.752193664,17.93494,16.54343,15.82756,15.41552,15.11541
1237648703516508413,213.5220628,-0.781255614,20.38886,19.91846,19.87027,19.78492,19.65015
1237648703516705111,213.8975434,-0.727125491,21.85054,21.15485,21.05354,21.00083,21.15601
1237648703516705146,213.9402862,-0.730445661,21.53655,20.80933,20.34809,19.75745,19.50268
1237648703517360859,215.4540123,-0.798917151,25.60035,22.71607,21.55598,22.03684,21.41483
1237648703517622402,215.9560774,-0.645832645,19.54607,19.49413,19.17522,19.09769,19.2058
1237648703517622664,215.9693057,-0.823507211,21.11744,20.62782,20.64612,20.36541,20.10263
1237648703517622858,215.9944752,-0.730623791,23.24778,22.16672,20.59616,19.79348,19.36116
1237648703517687861,216.1418632,-0.633122309,18.86531,17.71218,16.84086,16.36287,16.09403
1237648703517753476,216.2859471,-0.673285987,20.21603,20.36555,20.63592,19.96216,22.82576
1237648703517753548,216.3604389,-0.739326488,19.73117,19.22136,18.83424,18.40387,18.10429
1237648703517884465,216.5612997,-0.731146698,18.98986,18.88181,18.90144,18.69086,18.73726
1237648703517950307,216.7915292,-0.747430402,20.89211,20.24443,20.03693,20.02807,19.96336
1237648703518015544,216.8971696,-0.660119636,20.76641,19.90239,19.69344,19.60866,20.11889
1237648703518146702,217.1709517,-0.768604558,22.64161,21.68575,21.97561,21.70669,21.76165
1237648703518147341,217.2444815,-0.783246857,24.50307,21.88432,21.56709,21.89734,21.58967
1237648703518212303,217.3071426,-0.738043399,19.34134,18.9962,18.85617,18.90776,18.79518
1237648703518212412,217.3958511,-0.762103614,19.22236,18.85434,18.87359,18.9925,18.90286
1237648703518408882,217.7568882,-0.71435488,19.34039,18.94457,18.8008,18.80692,18.05679
1237648703518408951,217.8202603,-0.777162189,19.62136,19.09064,18.98948,18.96285,18.74684
1237648703518409013,217.8684535,-0.747240043,20.54132,19.90781,19.61552,19.514,19.34491
1237648703518409096,217.7577374,-0.771687137,21.11065,20.65135,20.38636,20.38047,20.16333
1237648703518409156,217.8619304,-0.760412427,21.04566,20.37152,20.24267,20.14068,20.16396
1237648703518474467,217.9931809,-0.717755568,19.29003,19.14572,18.88853,18.82984,18.96562
1237648703518474739,217.8976363,-0.708808639,22.51869,21.60564,20.37291,20.15393,20.0082
1237648703518539962,218.0458568,-0.725439738,25.00957,24.21711,21.33382,20.03629,19.57349
